04740794104;08947080041501032594;;;laha17 250322
04740794105;08947080041501032602;;;laha17 250322
04740794106;08947080041501032610;;;laha17 250322
04740794107;08947080041501032628;;;laha17 250322
04740794108;08947080041501032636;;;laha17 250322
04740794109;08947080041501032644;;;laha17 250322
04740794110;08947080041501032651;;;laha17 250322
04740794111;08947080041501032669;;;laha17 250322
04740794112;08947080041501032677;;;laha17 250322
04740794113;08947080041501032685;;;laha17 250322
04740794114;08947080041501032693;;;laha17 250322
04740794115;08947080041501032701;;;laha17 250322
04740794116;08947080041501032719;;;laha17 250322
04740794117;08947080041501032727;;;laha17 250322
04740794118;08947080041501032735;;;laha17 250322
04740794119;08947080041501032743;;;laha17 250322
04740794120;08947080041501032750;;;laha17 250322
04740794121;08947080041501032768;;;laha17 250322
04740794122;08947080041501032776;;;laha17 250322
04740794123;08947080041501032784;;;laha17 250322
04740794124;08947080041501032792;;;laha17 250322
04740794125;08947080041501032800;;;laha17 250322
04740794126;08947080041501032818;;;laha17 250322
04740794127;08947080041501032826;;;laha17 250322
04740794128;08947080041501032834;;;laha17 250322
04740794129;08947080041501032842;;;laha17 250322
04740794130;08947080041501032859;;;laha17 250322
04740794131;08947080041501032867;;;laha17 250322
04740794132;08947080041501032875;;;laha17 250322
04740794133;08947080041501032883;;;laha17 250322
04740794134;08947080041501032891;;;laha17 250322
04740794135;08947080041501032909;;;laha17 250322
04740794136;08947080041501032917;;;laha17 250322
04740794137;08947080041501032925;;;laha17 250322
04740794138;08947080041501032933;;;laha17 250322
04740794139;08947080041501032941;;;laha17 250322
04740794140;08947080041501032958;;;laha17 250322
04740794141;08947080041501032966;;;laha17 250322
04740794142;08947080041501032974;;;laha17 250322
04740794143;08947080041501032982;;;laha17 250322
04740794144;08947080041501032990;;;laha17 250322
04740794145;08947080041501033006;;;laha17 250322
04740794146;08947080041501033014;;;laha17 250322
04740794147;08947080041501033022;;;laha17 250322
04740794148;08947080041501033030;;;laha17 250322
04740794149;08947080041501033048;;;laha17 250322
04740794150;08947080041501033055;;;laha17 250322
04740794151;08947080041501033063;;;laha17 250322
04740794152;08947080041501033071;;;laha17 250322
04740794153;08947080041501033089;;;laha17 250322
04740794154;08947080041501033097;;;laha17 250322
04740794155;08947080041501033105;;;laha17 250322
04740794156;08947080041501033113;;;laha17 250322
04740794157;08947080041501033121;;;laha17 250322
04740794158;08947080041501033139;;;laha17 250322
04740794159;08947080041501033147;;;laha17 250322
04740794160;08947080041501033154;;;laha17 250322
04740794161;08947080041501033162;;;laha17 250322
04740794162;08947080041501033170;;;laha17 250322
04740794163;08947080041501033188;;;laha17 250322
04740794164;08947080041501033196;;;laha17 250322
04740794165;08947080041501033204;;;laha17 250322
04740794166;08947080041501033212;;;laha17 250322
04740794167;08947080041501033220;;;laha17 250322
