047580009801575;08947080041500922779;;;laha17 020222
047580009801601;08947080041500922787;;;laha17 020222
047580009801602;08947080041500922795;;;laha17 020222
047580009801639;08947080041500922803;;;laha17 020222
047580009801686;08947080041500922811;;;laha17 020222
047580009801810;08947080041500922829;;;laha17 020222
047580009801867;08947080041500922837;;;laha17 020222
047580009801883;08947080041500922845;;;laha17 020222
047580009801923;08947080041500922852;;;laha17 020222
047580009802024;08947080041500922860;;;laha17 020222
047580009802035;08947080041500922878;;;laha17 020222
047580009802037;08947080041500922886;;;laha17 020222
047580009802085;08947080041500922894;;;laha17 020222
047580009802092;08947080041500922902;;;laha17 020222
047580009802099;08947080041500922910;;;laha17 020222
047580009802110;08947080041500922928;;;laha17 020222
047580009802131;08947080041500922936;;;laha17 020222
047580009802148;08947080041500922944;;;laha17 020222
047580009802154;08947080041500922951;;;laha17 020222
047580009802156;08947080041500922969;;;laha17 020222
047580009802158;08947080041500922977;;;laha17 020222
047580009802161;08947080041500922985;;;laha17 020222
047580009802163;08947080041500922993;;;laha17 020222
047580009802168;08947080041500923009;;;laha17 020222
047580009802175;08947080041500923017;;;laha17 020222
047580009802186;08947080041500923025;;;laha17 020222
047580009802189;08947080041500923033;;;laha17 020222
047580009802190;08947080041500923041;;;laha17 020222
047580009802191;08947080041500923058;;;laha17 020222
047580009802193;08947080041500923066;;;laha17 020222
047580009802194;08947080041500923074;;;laha17 020222
047580009802195;08947080041500923082;;;laha17 020222
047580009802196;08947080041500923090;;;laha17 020222
047580009802199;08947080041500923108;;;laha17 020222
047580009802200;08947080041500923116;;;laha17 020222
047580009802202;08947080041500923124;;;laha17 020222
047580009802204;08947080041500923132;;;laha17 020222
047580009802208;08947080041500923140;;;laha17 020222
047580009802210;08947080041500923157;;;laha17 020222
047580009802229;08947080041500923165;;;laha17 020222
047580009802231;08947080041500923173;;;laha17 020222
047580009802232;08947080041500923181;;;laha17 020222
047580009802234;08947080041500923199;;;laha17 020222
047580009802235;08947080041500923207;;;laha17 020222
047580009802237;08947080041500923215;;;laha17 020222
047580009802239;08947080041500923223;;;laha17 020222
047580009802253;08947080041500923231;;;laha17 020222
047580009802257;08947080041500923249;;;laha17 020222
047580009802282;08947080041500923256;;;laha17 020222
047580009802307;08947080041500923264;;;laha17 020222
047580009802311;08947080041500923272;;;laha17 020222
047580009802348;08947080041500923280;;;laha17 020222
047580009802364;08947080041500923298;;;laha17 020222
047580009802370;08947080041500923306;;;laha17 020222
047580009802373;08947080041500923314;;;laha17 020222
047580009802383;08947080041500923322;;;laha17 020222
047580009802387;08947080041500923330;;;laha17 020222
047580009802392;08947080041500923348;;;laha17 020222
047580009802397;08947080041500923355;;;laha17 020222
047580009802411;08947080041500923363;;;laha17 020222
047580009802412;08947080041500923371;;;laha17 020222
047580009802507;08947080041500923389;;;laha17 020222
047580009802512;08947080041500923397;;;laha17 020222
047580009802523;08947080041500923405;;;laha17 020222
047580009802558;08947080041500923413;;;laha17 020222
047580009802576;08947080041500923421;;;laha17 020222
047580009802605;08947080041500923439;;;laha17 020222
047580009802615;08947080041500923447;;;laha17 020222
047580009802630;08947080041500923454;;;laha17 020222
047580009802633;08947080041500923462;;;laha17 020222
047580009802642;08947080041500923470;;;laha17 020222
047580009802661;08947080041500923488;;;laha17 020222
047580009802670;08947080041500923496;;;laha17 020222
047580009802707;08947080041500923504;;;laha17 020222
047580009802752;08947080041500923512;;;laha17 020222
047580009802775;08947080041500923520;;;laha17 020222
047580009802792;08947080041500923538;;;laha17 020222
047580009802797;08947080041500923546;;;laha17 020222
047580009802802;08947080041500923553;;;laha17 020222
047580009802854;08947080041500923561;;;laha17 020222
047580009802862;08947080041500923579;;;laha17 020222
047580009802885;08947080041500923587;;;laha17 020222
047580009802957;08947080041500923595;;;laha17 020222
047580009802996;08947080041500923603;;;laha17 020222
047580009802998;08947080041500923611;;;laha17 020222
047580009803023;08947080041500923629;;;laha17 020222
047580009803027;08947080041500923637;;;laha17 020222
047580009803031;08947080041500923645;;;laha17 020222
047580009803097;08947080041500923652;;;laha17 020222
047580009803100;08947080041500923660;;;laha17 020222
047580009803103;08947080041500923678;;;laha17 020222
047580009803158;08947080041500923686;;;laha17 020222
047580009803186;08947080041500923694;;;laha17 020222
047580009803199;08947080041500923702;;;laha17 020222
047580009803213;08947080041500923710;;;laha17 020222
047580009803235;08947080041500923728;;;laha17 020222
047580009803236;08947080041500923736;;;laha17 020222
047580009803244;08947080041500923744;;;laha17 020222
047580009803280;08947080041500923751;;;laha17 020222
047580009803284;08947080041500923769;;;laha17 020222
047580009803314;08947080041500923777;;;laha17 020222
047580009803316;08947080041500923785;;;laha17 020222
047580009803329;08947080041500923793;;;laha17 020222
047580009803342;08947080041500923801;;;laha17 020222
047580009803343;08947080041500923819;;;laha17 020222
047580009803370;08947080041500923827;;;laha17 020222
047580009803372;08947080041500923835;;;laha17 020222
047580009803382;08947080041500923843;;;laha17 020222
047580009803387;08947080041500923850;;;laha17 020222
047580009803396;08947080041500923868;;;laha17 020222
047580009803483;08947080041500923876;;;laha17 020222
047580009803509;08947080041500923884;;;laha17 020222
047580009803543;08947080041500923892;;;laha17 020222
047580009803567;08947080041500923900;;;laha17 020222
047580009803577;08947080041500923918;;;laha17 020222
047580009803606;08947080041500923926;;;laha17 020222
047580009803632;08947080041500923934;;;laha17 020222
047580009803639;08947080041500923942;;;laha17 020222
047580009803646;08947080041500923959;;;laha17 020222
047580009803649;08947080041500923967;;;laha17 020222
047580009803660;08947080041500923975;;;laha17 020222
047580009803669;08947080041500923983;;;laha17 020222
047580009803671;08947080041500923991;;;laha17 020222
047580009803680;08947080041500924007;;;laha17 020222
047580009803685;08947080041500924015;;;laha17 020222
047580009803697;08947080041500924023;;;laha17 020222
047580009803698;08947080041500924031;;;laha17 020222
047580009803707;08947080041500924049;;;laha17 020222
047580009803709;08947080041500924056;;;laha17 020222
047580009803711;08947080041500924064;;;laha17 020222
047580009803716;08947080041500924072;;;laha17 020222
047580009803717;08947080041500924080;;;laha17 020222
047580009803718;08947080041500924098;;;laha17 020222
047580009803723;08947080041500924106;;;laha17 020222
047580009803726;08947080041500924114;;;laha17 020222
047580009803736;08947080041500924122;;;laha17 020222
047580009803737;08947080041500924130;;;laha17 020222
047580009803739;08947080041500924148;;;laha17 020222
047580009803743;08947080041500924155;;;laha17 020222
047580009803756;08947080041500924163;;;laha17 020222
047580009803763;08947080041500924171;;;laha17 020222
047580009803764;08947080041500924189;;;laha17 020222
047580009803771;08947080041500924197;;;laha17 020222
047580009803774;08947080041500924205;;;laha17 020222
047580009803782;08947080041500924213;;;laha17 020222
047580009803784;08947080041500924221;;;laha17 020222
047580009803785;08947080041500924239;;;laha17 020222
047580009803788;08947080041500924247;;;laha17 020222
047580009803793;08947080041500924254;;;laha17 020222
047580009803794;08947080041500924262;;;laha17 020222
047580009803797;08947080041500924270;;;laha17 020222
047580009803802;08947080041500924288;;;laha17 020222
047580009803808;08947080041500924296;;;laha17 020222
047580009803816;08947080041500924304;;;laha17 020222
047580009803826;08947080041500924312;;;laha17 020222
047580009803830;08947080041500924320;;;laha17 020222
047580009803834;08947080041500924338;;;laha17 020222
047580009803843;08947080041500924346;;;laha17 020222
047580009803853;08947080041500924353;;;laha17 020222
047580009803859;08947080041500924361;;;laha17 020222
047580009803871;08947080041500924379;;;laha17 020222
047580009803872;08947080041500924387;;;laha17 020222
047580009803882;08947080041500924395;;;laha17 020222
047580009803888;08947080041500924403;;;laha17 020222
047580009803895;08947080041500924411;;;laha17 020222
047580009803906;08947080041500924429;;;laha17 020222
047580009803907;08947080041500924437;;;laha17 020222
047580009803918;08947080041500924445;;;laha17 020222
047580009803923;08947080041500924452;;;laha17 020222
047580009803928;08947080041500924460;;;laha17 020222
047580009803930;08947080041500924478;;;laha17 020222
047580009803931;08947080041500924486;;;laha17 020222
047580009803933;08947080041500924494;;;laha17 020222
047580009803941;08947080041500924502;;;laha17 020222
047580009803962;08947080041500924510;;;laha17 020222
047580009803965;08947080041500924528;;;laha17 020222
047580009803972;08947080041500924536;;;laha17 020222
047580009803979;08947080041500924544;;;laha17 020222
047580009803984;08947080041500924551;;;laha17 020222
047580009803986;08947080041500924569;;;laha17 020222
047580009803993;08947080041500924577;;;laha17 020222
047580009803998;08947080041500924585;;;laha17 020222
047580009804000;08947080041500924593;;;laha17 020222
047580009804024;08947080041500924601;;;laha17 020222
047580009804028;08947080041500924619;;;laha17 020222
047580009804030;08947080041500924627;;;laha17 020222
047580009804042;08947080041500924635;;;laha17 020222
047580009804043;08947080041500924643;;;laha17 020222
047580009804051;08947080041500924650;;;laha17 020222
047580009804056;08947080041500924668;;;laha17 020222
047580009804057;08947080041500924676;;;laha17 020222
047580009804059;08947080041500924684;;;laha17 020222
047580009804067;08947080041500924692;;;laha17 020222
047580009804088;08947080041500924700;;;laha17 020222
047580009804102;08947080041500924718;;;laha17 020222
047580009804105;08947080041500924726;;;laha17 020222
047580009804107;08947080041500924734;;;laha17 020222
047580009804110;08947080041500924742;;;laha17 020222
047580009804119;08947080041500924759;;;laha17 020222
047580009804123;08947080041500924767;;;laha17 020222
047580009804129;08947080041500924775;;;laha17 020222
047580009804130;08947080041500924783;;;laha17 020222
047580009804132;08947080041500924791;;;laha17 020222
047580009804166;08947080041500924809;;;laha17 020222
047580009804167;08947080041500924817;;;laha17 020222
047580009804168;08947080041500924825;;;laha17 020222
047580009804179;08947080041500924833;;;laha17 020222
047580009804186;08947080041500924841;;;laha17 020222
047580009804188;08947080041500924858;;;laha17 020222
047580009804191;08947080041500924866;;;laha17 020222
047580009804194;08947080041500924874;;;laha17 020222
047580009804195;08947080041500924882;;;laha17 020222
047580009804207;08947080041500924890;;;laha17 020222
047580009804233;08947080041500924908;;;laha17 020222
047580009804235;08947080041500924916;;;laha17 020222
047580009804237;08947080041500924924;;;laha17 020222
047580009804253;08947080041500924932;;;laha17 020222
047580009804255;08947080041500924940;;;laha17 020222
047580009804274;08947080041500924957;;;laha17 020222
047580009804293;08947080041500924965;;;laha17 020222
047580009804294;08947080041500924973;;;laha17 020222
047580009804298;08947080041500924981;;;laha17 020222
047580009804299;08947080041500924999;;;laha17 020222
047580009804300;08947080041500925004;;;laha17 020222
047580009804303;08947080041500925012;;;laha17 020222
047580009804309;08947080041500925020;;;laha17 020222
047580009804316;08947080041500925038;;;laha17 020222
047580009804333;08947080041500925046;;;laha17 020222
047580009804336;08947080041500925053;;;laha17 020222
047580009804339;08947080041500925061;;;laha17 020222
047580009804340;08947080041500925079;;;laha17 020222
047580009804342;08947080041500925087;;;laha17 020222
047580009804348;08947080041500925095;;;laha17 020222
047580009804351;08947080041500925103;;;laha17 020222
047580009804353;08947080041500925111;;;laha17 020222
047580009804354;08947080041500925129;;;laha17 020222
047580009804355;08947080041500925137;;;laha17 020222
047580009804358;08947080041500925145;;;laha17 020222
047580009804363;08947080041500925152;;;laha17 020222
047580009804385;08947080041500925160;;;laha17 020222
047580009804391;08947080041500925178;;;laha17 020222
047580009804393;08947080041500925186;;;laha17 020222
047580009804401;08947080041500925194;;;laha17 020222
047580009804404;08947080041500925202;;;laha17 020222
047580009804412;08947080041500925210;;;laha17 020222
047580009804414;08947080041500925228;;;laha17 020222
047580009804422;08947080041500925236;;;laha17 020222
047580009804423;08947080041500925244;;;laha17 020222
047580009804427;08947080041500925251;;;laha17 020222
047580009804435;08947080041500925269;;;laha17 020222
047580009804440;08947080041500931705;;;laha17 020222
047580009804456;08947080041500925285;;;laha17 020222
047580009804459;08947080041500925293;;;laha17 020222
047580009804461;08947080041500925301;;;laha17 020222
047580009804463;08947080041500925319;;;laha17 020222
047580009804470;08947080041500925327;;;laha17 020222
047580009804472;08947080041500925335;;;laha17 020222
047580009804475;08947080041500925343;;;laha17 020222
047580009804478;08947080041500925350;;;laha17 020222
047580009804493;08947080041500925368;;;laha17 020222
047580009804504;08947080041500925376;;;laha17 020222
047580009804508;08947080041500925384;;;laha17 020222
047580009804513;08947080041500925392;;;laha17 020222
047580009804518;08947080041500925400;;;laha17 020222
047580009804520;08947080041500925418;;;laha17 020222
047580009804527;08947080041500925426;;;laha17 020222
047580009804533;08947080041500925434;;;laha17 020222
047580009804540;08947080041500925442;;;laha17 020222
047580009804541;08947080041500925459;;;laha17 020222
047580009804544;08947080041500925467;;;laha17 020222
047580009804548;08947080041500925475;;;laha17 020222
047580009804563;08947080041500925483;;;laha17 020222
047580009804565;08947080041500925491;;;laha17 020222
047580009804574;08947080041500925509;;;laha17 020222
047580009804580;08947080041500925517;;;laha17 020222
047580009804582;08947080041500925525;;;laha17 020222
047580009804590;08947080041500925533;;;laha17 020222
047580009804592;08947080041500925541;;;laha17 020222
047580009804593;08947080041500925558;;;laha17 020222
047580009804601;08947080041500925566;;;laha17 020222
047580009804605;08947080041500925574;;;laha17 020222
047580009804610;08947080041500925582;;;laha17 020222
047580009804624;08947080041500925590;;;laha17 020222
047580009804625;08947080041500925608;;;laha17 020222
047580009804627;08947080041500925616;;;laha17 020222
047580009804629;08947080041500925624;;;laha17 020222
047580009804633;08947080041500925632;;;laha17 020222
047580009804646;08947080041500925640;;;laha17 020222
047580009804648;08947080041500925657;;;laha17 020222
047580009804652;08947080041500925665;;;laha17 020222
047580009804658;08947080041500925673;;;laha17 020222
047580009804661;08947080041500925681;;;laha17 020222
047580009804662;08947080041500925699;;;laha17 020222
047580009804666;08947080041500925707;;;laha17 020222
047580009804667;08947080041500925715;;;laha17 020222
047580009804669;08947080041500925723;;;laha17 020222
047580009804671;08947080041500925731;;;laha17 020222
047580009804677;08947080041500925749;;;laha17 020222
047580009804680;08947080041500925756;;;laha17 020222
047580009804681;08947080041500925764;;;laha17 020222
047580009804685;08947080041500925772;;;laha17 020222
047580009804686;08947080041500925780;;;laha17 020222
047580009804687;08947080041500925798;;;laha17 020222
047580009804704;08947080041500925806;;;laha17 020222
047580009804706;08947080041500925814;;;laha17 020222
047580009804708;08947080041500925822;;;laha17 020222
047580009804709;08947080041500925830;;;laha17 020222
047580009804710;08947080041500925848;;;laha17 020222
047580009804712;08947080041500925855;;;laha17 020222
047580009804719;08947080041500925863;;;laha17 020222
047580009804724;08947080041500925871;;;laha17 020222
047580009804732;08947080041500925889;;;laha17 020222
047580009804735;08947080041500925897;;;laha17 020222
047580009804736;08947080041500925905;;;laha17 020222
047580009804737;08947080041500925913;;;laha17 020222
047580009804742;08947080041500925921;;;laha17 020222
047580009804743;08947080041500925939;;;laha17 020222
047580009804767;08947080041500925947;;;laha17 020222
047580009804768;08947080041500925954;;;laha17 020222
047580009804769;08947080041500925962;;;laha17 020222
047580009804771;08947080041500925970;;;laha17 020222
047580009804775;08947080041500925988;;;laha17 020222
047580009804783;08947080041500925996;;;laha17 020222
047580009804784;08947080041500926002;;;laha17 020222
047580009804785;08947080041500926010;;;laha17 020222
047580009804797;08947080041500926028;;;laha17 020222
047580009804798;08947080041500926036;;;laha17 020222
047580009804799;08947080041500926044;;;laha17 020222
047580009804809;08947080041500926051;;;laha17 020222
047580009804813;08947080041500926069;;;laha17 020222
047580009804824;08947080041500926077;;;laha17 020222
047580009804834;08947080041500926085;;;laha17 020222
047580009804835;08947080041500926093;;;laha17 020222
047580009804839;08947080041500926101;;;laha17 020222
047580009804840;08947080041500926119;;;laha17 020222
047580009804845;08947080041500926127;;;laha17 020222
047580009804848;08947080041500926135;;;laha17 020222
047580009804859;08947080041500926143;;;laha17 020222
047580009804860;08947080041500926150;;;laha17 020222
047580009804863;08947080041500926168;;;laha17 020222
047580009804865;08947080041500926176;;;laha17 020222
047580009804866;08947080041500926184;;;laha17 020222
047580009804870;08947080041500926192;;;laha17 020222
047580009804879;08947080041500926200;;;laha17 020222
047580009804880;08947080041500926218;;;laha17 020222
047580009804881;08947080041500926226;;;laha17 020222
047580009804883;08947080041500926234;;;laha17 020222
047580009804888;08947080041500926242;;;laha17 020222
047580009804894;08947080041500926259;;;laha17 020222
047580009804896;08947080041500926267;;;laha17 020222
047580009804898;08947080041500926275;;;laha17 020222
047580009804901;08947080041500926283;;;laha17 020222
047580009804909;08947080041500926291;;;laha17 020222
047580009804921;08947080041500926309;;;laha17 020222
047580009804924;08947080041500926317;;;laha17 020222
047580009804927;08947080041500926325;;;laha17 020222
047580009804929;08947080041500926333;;;laha17 020222
047580009804930;08947080041500926341;;;laha17 020222
047580009804931;08947080041500926358;;;laha17 020222
047580009804932;08947080041500926366;;;laha17 020222
047580009804933;08947080041500926374;;;laha17 020222
047580009804935;08947080041500926382;;;laha17 020222
047580009804936;08947080041500926390;;;laha17 020222
047580009804937;08947080041500926408;;;laha17 020222
047580009804939;08947080041500926416;;;laha17 020222
047580009804944;08947080041500926424;;;laha17 020222
047580009804945;08947080041500926432;;;laha17 020222
047580009804949;08947080041500926440;;;laha17 020222
047580009804972;08947080041500926457;;;laha17 020222
047580009804974;08947080041500926465;;;laha17 020222
047580009804976;08947080041500926473;;;laha17 020222
047580009804977;08947080041500926481;;;laha17 020222
047580009804984;08947080041500926499;;;laha17 020222
047580009804985;08947080041500926507;;;laha17 020222
047580009804986;08947080041500926515;;;laha17 020222
047580009804988;08947080041500926523;;;laha17 020222
047580009804991;08947080041500926531;;;laha17 020222
047580009804992;08947080041500926549;;;laha17 020222
047580009805002;08947080041500926556;;;laha17 020222
047580009805003;08947080041500926564;;;laha17 020222
047580009805005;08947080041500926572;;;laha17 020222
047580009805006;08947080041500926580;;;laha17 020222
047580009805015;08947080041500926598;;;laha17 020222
047580009805016;08947080041500926606;;;laha17 020222
047580009805017;08947080041500926614;;;laha17 020222
047580009805021;08947080041500926622;;;laha17 020222
047580009805023;08947080041500926630;;;laha17 020222
047580009805025;08947080041500926648;;;laha17 020222
047580009805028;08947080041500926655;;;laha17 020222
047580009805029;08947080041500926663;;;laha17 020222
047580009805030;08947080041500926671;;;laha17 020222
047580009805034;08947080041500926689;;;laha17 020222
047580009805041;08947080041500926697;;;laha17 020222
047580009805042;08947080041500926705;;;laha17 020222
047580009805051;08947080041500926713;;;laha17 020222
047580009805052;08947080041500926721;;;laha17 020222
047580009805057;08947080041500926739;;;laha17 020222
047580009805058;08947080041500926747;;;laha17 020222
047580009805063;08947080041500926754;;;laha17 020222
047580009805065;08947080041500926762;;;laha17 020222
047580009805066;08947080041500926770;;;laha17 020222
047580009805073;08947080041500926788;;;laha17 020222
047580009805075;08947080041500926796;;;laha17 020222
047580009805076;08947080041500926804;;;laha17 020222
047580009805079;08947080041500926812;;;laha17 020222
047580009805082;08947080041500926820;;;laha17 020222
047580009805085;08947080041500926838;;;laha17 020222
047580009805090;08947080041500926846;;;laha17 020222
047580009805091;08947080041500926853;;;laha17 020222
047580009805104;08947080041500926861;;;laha17 020222
047580009805108;08947080041500926879;;;laha17 020222
047580009805112;08947080041500926887;;;laha17 020222
047580009805115;08947080041500926895;;;laha17 020222
047580009805116;08947080041500926903;;;laha17 020222
047580009805123;08947080041500926911;;;laha17 020222
047580009805124;08947080041500926929;;;laha17 020222
047580009805135;08947080041500926937;;;laha17 020222
047580009805136;08947080041500926945;;;laha17 020222
047580009805137;08947080041500926952;;;laha17 020222
047580009805138;08947080041500926960;;;laha17 020222
047580009805139;08947080041500926978;;;laha17 020222
047580009805143;08947080041500926986;;;laha17 020222
047580009805154;08947080041500926994;;;laha17 020222
047580009805164;08947080041500927000;;;laha17 020222
047580009805169;08947080041500927018;;;laha17 020222
047580009805175;08947080041500927026;;;laha17 020222
047580009805177;08947080041500927034;;;laha17 020222
047580009805179;08947080041500927042;;;laha17 020222
047580009805183;08947080041500927059;;;laha17 020222
047580009805190;08947080041500927067;;;laha17 020222
047580009805191;08947080041500927075;;;laha17 020222
047580009805193;08947080041500927083;;;laha17 020222
047580009805195;08947080041500927091;;;laha17 020222
047580009805201;08947080041500927109;;;laha17 020222
047580009805202;08947080041500927117;;;laha17 020222
047580009805204;08947080041500927125;;;laha17 020222
047580009805207;08947080041500927133;;;laha17 020222
047580009805208;08947080041500927141;;;laha17 020222
047580009805209;08947080041500927158;;;laha17 020222
047580009805211;08947080041500927166;;;laha17 020222
047580009805212;08947080041500927174;;;laha17 020222
047580009805213;08947080041500927182;;;laha17 020222
047580009805214;08947080041500927190;;;laha17 020222
047580009805222;08947080041500927208;;;laha17 020222
047580009805226;08947080041500927216;;;laha17 020222
047580009805231;08947080041500927224;;;laha17 020222
047580009805235;08947080041500927232;;;laha17 020222
047580009805251;08947080041500927240;;;laha17 020222
047580009805252;08947080041500927257;;;laha17 020222
047580009805259;08947080041500927265;;;laha17 020222
047580009805263;08947080041500927273;;;laha17 020222
047580009805268;08947080041500927281;;;laha17 020222
047580009805269;08947080041500927299;;;laha17 020222
047580009805270;08947080041500927307;;;laha17 020222
047580009805271;08947080041500927315;;;laha17 020222
047580009805272;08947080041500927323;;;laha17 020222
047580009805273;08947080041500927331;;;laha17 020222
047580009805279;08947080041500927349;;;laha17 020222
047580009805283;08947080041500927356;;;laha17 020222
047580009805288;08947080041500927364;;;laha17 020222
047580009805294;08947080041500927372;;;laha17 020222
047580009805296;08947080041500927380;;;laha17 020222
047580009805297;08947080041500927398;;;laha17 020222
047580009805299;08947080041500927414;;;laha17 020222
047580009805305;08947080041500927422;;;laha17 020222
047580009805308;08947080041500927430;;;laha17 020222
047580009805311;08947080041500927448;;;laha17 020222
047580009805313;08947080041500927455;;;laha17 020222
047580009805314;08947080041500927463;;;laha17 020222
047580009805316;08947080041500927471;;;laha17 020222
047580009805317;08947080041500927489;;;laha17 020222
047580009805324;08947080041500927497;;;laha17 020222
047580009805325;08947080041500927505;;;laha17 020222
047580009805329;08947080041500927513;;;laha17 020222
047580009805337;08947080041500927521;;;laha17 020222
047580009805343;08947080041500927539;;;laha17 020222
047580009805346;08947080041500927547;;;laha17 020222
047580009805351;08947080041500927554;;;laha17 020222
047580009805353;08947080041500927562;;;laha17 020222
047580009805354;08947080041500927570;;;laha17 020222
047580009805356;08947080041500927588;;;laha17 020222
047580009805360;08947080041500927596;;;laha17 020222
047580009805362;08947080041500927604;;;laha17 020222
047580009805364;08947080041500927612;;;laha17 020222
047580009805371;08947080041500927620;;;laha17 020222
047580009805377;08947080041500927638;;;laha17 020222
047580009805383;08947080041500927646;;;laha17 020222
047580009805384;08947080041500927653;;;laha17 020222
047580009805385;08947080041500927661;;;laha17 020222
047580009805388;08947080041500927679;;;laha17 020222
047580009805390;08947080041500927687;;;laha17 020222
047580009805392;08947080041500927695;;;laha17 020222
047580009805398;08947080041500927703;;;laha17 020222
047580009805399;08947080041500927711;;;laha17 020222
047580009805404;08947080041500927729;;;laha17 020222
047580009805405;08947080041500927737;;;laha17 020222
047580009805407;08947080041500927745;;;laha17 020222
047580009805411;08947080041500927752;;;laha17 020222
047580009805414;08947080041500927760;;;laha17 020222
047580009805423;08947080041500927778;;;laha17 020222
047580009805429;08947080041500927786;;;laha17 020222
047580009805432;08947080041500927794;;;laha17 020222
047580009805435;08947080041500927802;;;laha17 020222
047580009805436;08947080041500927810;;;laha17 020222
047580009805438;08947080041500927828;;;laha17 020222
047580009805440;08947080041500927836;;;laha17 020222
047580009805442;08947080041500927844;;;laha17 020222
047580009805443;08947080041500927851;;;laha17 020222
047580009805449;08947080041500927869;;;laha17 020222
047580009805450;08947080041500927877;;;laha17 020222
047580009805452;08947080041500927885;;;laha17 020222
047580009805455;08947080041500927893;;;laha17 020222
047580009805457;08947080041500927901;;;laha17 020222
047580009805459;08947080041500927919;;;laha17 020222
047580009805460;08947080041500927927;;;laha17 020222
047580009805463;08947080041500927935;;;laha17 020222
047580009805465;08947080041500927943;;;laha17 020222
047580009805468;08947080041500927950;;;laha17 020222
047580009805471;08947080041500927968;;;laha17 020222
047580009805474;08947080041500927976;;;laha17 020222
047580009805475;08947080041500927984;;;laha17 020222
047580009805476;08947080041500927992;;;laha17 020222
047580009805492;08947080041500928008;;;laha17 020222
047580009805496;08947080041500928016;;;laha17 020222
047580009805498;08947080041500928024;;;laha17 020222
047580009805501;08947080041500928032;;;laha17 020222
047580009805505;08947080041500928040;;;laha17 020222
047580009805507;08947080041500928057;;;laha17 020222
047580009805511;08947080041500928065;;;laha17 020222
047580009805512;08947080041500928073;;;laha17 020222
047580009805516;08947080041500928081;;;laha17 020222
047580009805521;08947080041500928099;;;laha17 020222
047580009805525;08947080041500928107;;;laha17 020222
047580009805526;08947080041500928115;;;laha17 020222
047580009805531;08947080041500928123;;;laha17 020222
047580009805536;08947080041500928131;;;laha17 020222
047580009805547;08947080041500928149;;;laha17 020222
047580009805549;08947080041500928156;;;laha17 020222
047580009805551;08947080041500928164;;;laha17 020222
047580009805553;08947080041500928172;;;laha17 020222
047580009805554;08947080041500928180;;;laha17 020222
047580009805556;08947080041500928198;;;laha17 020222
047580009805560;08947080041500928206;;;laha17 020222
047580009805562;08947080041500928214;;;laha17 020222
047580009805564;08947080041500928222;;;laha17 020222
047580009805579;08947080041500928230;;;laha17 020222
047580009805581;08947080041500928248;;;laha17 020222
047580009805584;08947080041500928255;;;laha17 020222
047580009805585;08947080041500928263;;;laha17 020222
047580009805586;08947080041500928271;;;laha17 020222
047580009805587;08947080041500928289;;;laha17 020222
047580009805589;08947080041500928297;;;laha17 020222
047580009805594;08947080041500928305;;;laha17 020222
047580009805598;08947080041500928313;;;laha17 020222
047580009805599;08947080041500928321;;;laha17 020222
047580009805600;08947080041500928339;;;laha17 020222
047580009805602;08947080041500928347;;;laha17 020222
047580009805603;08947080041500928354;;;laha17 020222
047580009805607;08947080041500928362;;;laha17 020222
047580009805609;08947080041500928370;;;laha17 020222
047580009805610;08947080041500928388;;;laha17 020222
047580009805611;08947080041500928396;;;laha17 020222
047580009805615;08947080041500928404;;;laha17 020222
047580009805619;08947080041500928412;;;laha17 020222
047580009805623;08947080041500928420;;;laha17 020222
047580009805628;08947080041500928438;;;laha17 020222
047580009805631;08947080041500928446;;;laha17 020222
047580009805635;08947080041500928453;;;laha17 020222
047580009805636;08947080041500928461;;;laha17 020222
047580009805637;08947080041500928479;;;laha17 020222
047580009805638;08947080041500928487;;;laha17 020222
047580009805641;08947080041500928495;;;laha17 020222
047580009805642;08947080041500928503;;;laha17 020222
047580009805643;08947080041500928511;;;laha17 020222
047580009805647;08947080041500928529;;;laha17 020222
047580009805649;08947080041500928537;;;laha17 020222
047580009805652;08947080041500928545;;;laha17 020222
047580009805655;08947080041500928552;;;laha17 020222
047580009805656;08947080041500928560;;;laha17 020222
047580009805660;08947080041500928578;;;laha17 020222
047580009805661;08947080041500928586;;;laha17 020222
047580009805663;08947080041500928594;;;laha17 020222
047580009805664;08947080041500928602;;;laha17 020222
047580009805666;08947080041500928610;;;laha17 020222
047580009805678;08947080041500928628;;;laha17 020222
047580009805679;08947080041500928636;;;laha17 020222
047580009805681;08947080041500928644;;;laha17 020222
047580009805682;08947080041500928651;;;laha17 020222
047580009805684;08947080041500928669;;;laha17 020222
047580009805685;08947080041500928677;;;laha17 020222
047580009805687;08947080041500928685;;;laha17 020222
047580009805689;08947080041500928693;;;laha17 020222
047580009805692;08947080041500928701;;;laha17 020222
047580009805693;08947080041500928719;;;laha17 020222
047580009805698;08947080041500928727;;;laha17 020222
047580009805699;08947080041500928735;;;laha17 020222
047580009805701;08947080041500928743;;;laha17 020222
047580009805703;08947080041500928750;;;laha17 020222
047580009805704;08947080041500928768;;;laha17 020222
047580009805709;08947080041500928776;;;laha17 020222
047580009805711;08947080041500928784;;;laha17 020222
047580009805712;08947080041500928792;;;laha17 020222
047580009805714;08947080041500928800;;;laha17 020222
047580009805716;08947080041500928818;;;laha17 020222
047580009805717;08947080041500928826;;;laha17 020222
047580009805724;08947080041500928834;;;laha17 020222
047580009805725;08947080041500928842;;;laha17 020222
047580009805729;08947080041500928859;;;laha17 020222
047580009805733;08947080041500928867;;;laha17 020222
047580009805734;08947080041500928875;;;laha17 020222
047580009805735;08947080041500928883;;;laha17 020222
047580009805741;08947080041500928891;;;laha17 020222
047580009805742;08947080041500928909;;;laha17 020222
047580009805744;08947080041500928917;;;laha17 020222
047580009805746;08947080041500928925;;;laha17 020222
047580009805748;08947080041500928933;;;laha17 020222
047580009805749;08947080041500928941;;;laha17 020222
047580009805752;08947080041500928958;;;laha17 020222
047580009805757;08947080041500928966;;;laha17 020222
047580009805759;08947080041500928974;;;laha17 020222
047580009805765;08947080041500928982;;;laha17 020222
047580009805767;08947080041500928990;;;laha17 020222
047580009805769;08947080041500929006;;;laha17 020222
047580009805770;08947080041500929014;;;laha17 020222
047580009805771;08947080041500929022;;;laha17 020222
047580009805773;08947080041500929030;;;laha17 020222
047580009805774;08947080041500929048;;;laha17 020222
047580009805776;08947080041500929055;;;laha17 020222
047580009805777;08947080041500929063;;;laha17 020222
047580009805779;08947080041500929071;;;laha17 020222
047580009805780;08947080041500929089;;;laha17 020222
047580009805783;08947080041500929097;;;laha17 020222
047580009805785;08947080041500929105;;;laha17 020222
047580009805788;08947080041500929113;;;laha17 020222
047580009805790;08947080041500929121;;;laha17 020222
047580009805792;08947080041500929139;;;laha17 020222
047580009805793;08947080041500929147;;;laha17 020222
047580009805796;08947080041500929154;;;laha17 020222
047580009805802;08947080041500929162;;;laha17 020222
047580009805804;08947080041500929170;;;laha17 020222
047580009805805;08947080041500929188;;;laha17 020222
047580009805807;08947080041500929196;;;laha17 020222
047580009805808;08947080041500929204;;;laha17 020222
047580009805810;08947080041500929212;;;laha17 020222
047580009805811;08947080041500929220;;;laha17 020222
047580009805817;08947080041500929238;;;laha17 020222
047580009805819;08947080041500929246;;;laha17 020222
047580009805825;08947080041500929253;;;laha17 020222
047580009805827;08947080041500929261;;;laha17 020222
047580009805830;08947080041500929279;;;laha17 020222
047580009805835;08947080041500929287;;;laha17 020222
047580009805839;08947080041500929295;;;laha17 020222
047580009805843;08947080041500929303;;;laha17 020222
047580009805847;08947080041500929311;;;laha17 020222
047580009805848;08947080041500929329;;;laha17 020222
047580009805849;08947080041500929337;;;laha17 020222
047580009805850;08947080041500929345;;;laha17 020222
047580009805853;08947080041500929352;;;laha17 020222
047580009805856;08947080041500929360;;;laha17 020222
047580009805858;08947080041500929378;;;laha17 020222
047580009805859;08947080041500929386;;;laha17 020222
047580009805860;08947080041500929394;;;laha17 020222
047580009805861;08947080041500929402;;;laha17 020222
047580009805862;08947080041500929410;;;laha17 020222
047580009805863;08947080041500929428;;;laha17 020222
047580009805870;08947080041500929436;;;laha17 020222
047580009805874;08947080041500929444;;;laha17 020222
047580009805876;08947080041500929451;;;laha17 020222
047580009805877;08947080041500929469;;;laha17 020222
047580009805878;08947080041500929477;;;laha17 020222
047580009805881;08947080041500929485;;;laha17 020222
047580009805882;08947080041500929493;;;laha17 020222
047580009805884;08947080041500929501;;;laha17 020222
047580009805886;08947080041500929519;;;laha17 020222
047580009805887;08947080041500929527;;;laha17 020222
047580009805889;08947080041500929535;;;laha17 020222
047580009805896;08947080041500929543;;;laha17 020222
047580009805897;08947080041500929550;;;laha17 020222
047580009805898;08947080041500929568;;;laha17 020222
047580009805900;08947080041500929576;;;laha17 020222
047580009805903;08947080041500929584;;;laha17 020222
047580009805908;08947080041500929592;;;laha17 020222
047580009805910;08947080041500929600;;;laha17 020222
047580009805911;08947080041500929618;;;laha17 020222
047580009805913;08947080041500929626;;;laha17 020222
047580009805915;08947080041500929634;;;laha17 020222
047580009805916;08947080041500929642;;;laha17 020222
047580009805919;08947080041500929659;;;laha17 020222
047580009805920;08947080041500929667;;;laha17 020222
047580009805921;08947080041500929675;;;laha17 020222
047580009805924;08947080041500929683;;;laha17 020222
047580009805928;08947080041500929691;;;laha17 020222
047580009805937;08947080041500929709;;;laha17 020222
047580009805939;08947080041500929717;;;laha17 020222
047580009805940;08947080041500929725;;;laha17 020222
047580009805941;08947080041500929733;;;laha17 020222
047580009805942;08947080041500929741;;;laha17 020222
047580009805943;08947080041500929758;;;laha17 020222
047580009805945;08947080041500929766;;;laha17 020222
047580009805946;08947080041500929774;;;laha17 020222
047580009805947;08947080041500929782;;;laha17 020222
047580009805949;08947080041500929790;;;laha17 020222
047580009805952;08947080041500929808;;;laha17 020222
047580009805953;08947080041500929816;;;laha17 020222
047580009805954;08947080041500929824;;;laha17 020222
047580009805955;08947080041500929832;;;laha17 020222
047580009805956;08947080041500929840;;;laha17 020222
047580009805965;08947080041500929857;;;laha17 020222
047580009805966;08947080041500929865;;;laha17 020222
047580009805967;08947080041500929873;;;laha17 020222
047580009805972;08947080041500929881;;;laha17 020222
047580009805974;08947080041500929899;;;laha17 020222
047580009805976;08947080041500929907;;;laha17 020222
047580009805978;08947080041500929915;;;laha17 020222
047580009805979;08947080041500929923;;;laha17 020222
047580009805981;08947080041500929931;;;laha17 020222
047580009805987;08947080041500929949;;;laha17 020222
047580009805989;08947080041500929956;;;laha17 020222
047580009805990;08947080041500929964;;;laha17 020222
047580009805992;08947080041500929972;;;laha17 020222
047580009806002;08947080041500929980;;;laha17 020222
047580009806003;08947080041500929998;;;laha17 020222
047580009806004;08947080041500930004;;;laha17 020222
047580009806006;08947080041500930012;;;laha17 020222
047580009806009;08947080041500930020;;;laha17 020222
047580009806013;08947080041500930038;;;laha17 020222
047580009806015;08947080041500930046;;;laha17 020222
047580009806018;08947080041500930053;;;laha17 020222
047580009806019;08947080041500930061;;;laha17 020222
047580009806022;08947080041500930079;;;laha17 020222
047580009806025;08947080041500930087;;;laha17 020222
047580009806029;08947080041500930095;;;laha17 020222
047580009806030;08947080041500930103;;;laha17 020222
047580009806031;08947080041500930111;;;laha17 020222
047580009806039;08947080041500930129;;;laha17 020222
047580009806041;08947080041500930137;;;laha17 020222
047580009806043;08947080041500931713;;;laha17 020222
047580009806046;08947080041500930152;;;laha17 020222
047580009806053;08947080041500930160;;;laha17 020222
047580009806055;08947080041500930178;;;laha17 020222
047580009806056;08947080041500930186;;;laha17 020222
047580009806057;08947080041500930194;;;laha17 020222
047580009806062;08947080041500930202;;;laha17 020222
047580009806064;08947080041500930210;;;laha17 020222
047580009806065;08947080041500930228;;;laha17 020222
047580009806068;08947080041500930236;;;laha17 020222
047580009806069;08947080041500930244;;;laha17 020222
047580009806070;08947080041500930251;;;laha17 020222
047580009806071;08947080041500930269;;;laha17 020222
047580009806072;08947080041500930277;;;laha17 020222
047580009806073;08947080041500930285;;;laha17 020222
047580009806074;08947080041500930293;;;laha17 020222
047580009806081;08947080041500930301;;;laha17 020222
047580009806082;08947080041500930319;;;laha17 020222
047580009806085;08947080041500930327;;;laha17 020222
047580009806087;08947080041500930335;;;laha17 020222
047580009806095;08947080041500930343;;;laha17 020222
047580009806096;08947080041500930350;;;laha17 020222
047580009806099;08947080041500930368;;;laha17 020222
047580009806104;08947080041500930376;;;laha17 020222
047580009806105;08947080041500930384;;;laha17 020222
047580009806107;08947080041500930392;;;laha17 020222
047580009806108;08947080041500930400;;;laha17 020222
047580009806109;08947080041500930418;;;laha17 020222
047580009806110;08947080041500930426;;;laha17 020222
047580009806111;08947080041500930434;;;laha17 020222
047580009806114;08947080041500930442;;;laha17 020222
047580009806117;08947080041500930459;;;laha17 020222
047580009806119;08947080041500930467;;;laha17 020222
047580009806120;08947080041500930475;;;laha17 020222
047580009806122;08947080041500930483;;;laha17 020222
047580009806124;08947080041500930491;;;laha17 020222
047580009806125;08947080041500930509;;;laha17 020222
047580009806126;08947080041500930517;;;laha17 020222
047580009806127;08947080041500930525;;;laha17 020222
047580009806129;08947080041500930533;;;laha17 020222
047580009806130;08947080041500930541;;;laha17 020222
047580009806134;08947080041500930558;;;laha17 020222
047580009806135;08947080041500930566;;;laha17 020222
047580009806136;08947080041500930574;;;laha17 020222
047580009806138;08947080041500930582;;;laha17 020222
047580009806139;08947080041500930590;;;laha17 020222
047580009806141;08947080041500930608;;;laha17 020222
047580009806143;08947080041500930616;;;laha17 020222
047580009806145;08947080041500930624;;;laha17 020222
047580009806147;08947080041500930632;;;laha17 020222
047580009806148;08947080041500930640;;;laha17 020222
047580009806149;08947080041500930657;;;laha17 020222
047580009806151;08947080041500930665;;;laha17 020222
047580009806152;08947080041500930673;;;laha17 020222
047580009806154;08947080041500930681;;;laha17 020222
047580009806156;08947080041500930699;;;laha17 020222
047580009806157;08947080041500930707;;;laha17 020222
047580009806158;08947080041500930715;;;laha17 020222
047580009806160;08947080041500930723;;;laha17 020222
047580009806161;08947080041500930731;;;laha17 020222
047580009806165;08947080041500930749;;;laha17 020222
047580009806166;08947080041500930756;;;laha17 020222
047580009806167;08947080041500930764;;;laha17 020222
047580009806172;08947080041500930772;;;laha17 020222
047580009806173;08947080041500930780;;;laha17 020222
047580009806176;08947080041500930798;;;laha17 020222
047580009806182;08947080041500930806;;;laha17 020222
047580009806183;08947080041500930814;;;laha17 020222
047580009806185;08947080041500930822;;;laha17 020222
047580009806188;08947080041500930830;;;laha17 020222
047580009806189;08947080041500930848;;;laha17 020222
047580009806190;08947080041500930855;;;laha17 020222
047580009806192;08947080041500930863;;;laha17 020222
047580009806193;08947080041500931721;;;laha17 020222
047580009806200;08947080041500930889;;;laha17 020222
047580009806204;08947080041500930897;;;laha17 020222
047580009806206;08947080041500930905;;;laha17 020222
047580009806210;08947080041500930913;;;laha17 020222
047580009806211;08947080041500930921;;;laha17 020222
047580009806214;08947080041500930939;;;laha17 020222
047580009806215;08947080041500930947;;;laha17 020222
047580009806216;08947080041500930954;;;laha17 020222
047580009806219;08947080041500930962;;;laha17 020222
047580009806220;08947080041500930970;;;laha17 020222
047580009806221;08947080041500930988;;;laha17 020222
047580009806225;08947080041500930996;;;laha17 020222
047580009806227;08947080041500931002;;;laha17 020222
047580009806228;08947080041500931010;;;laha17 020222
047580009806230;08947080041500931028;;;laha17 020222
047580009806232;08947080041500931036;;;laha17 020222
047580009806234;08947080041500931044;;;laha17 020222
047580009806236;08947080041500931051;;;laha17 020222
047580009806237;08947080041500931069;;;laha17 020222
047580009806238;08947080041500931077;;;laha17 020222
047580009806242;08947080041500931085;;;laha17 020222
047580009806247;08947080041500931093;;;laha17 020222
047580009806250;08947080041500931101;;;laha17 020222
047580009806254;08947080041500931119;;;laha17 020222
047580009806260;08947080041500931127;;;laha17 020222
047580009806261;08947080041500931135;;;laha17 020222
047580009806262;08947080041500931143;;;laha17 020222
047580009806263;08947080041500931150;;;laha17 020222
047580009806264;08947080041500931168;;;laha17 020222
047580009806270;08947080041500931176;;;laha17 020222
047580009806271;08947080041500931184;;;laha17 020222
047580009806274;08947080041500931192;;;laha17 020222
047580009806275;08947080041500931200;;;laha17 020222
047580009806276;08947080041500931218;;;laha17 020222
047580009806280;08947080041500931226;;;laha17 020222
047580009806284;08947080041500931234;;;laha17 020222
047580009806285;08947080041500931242;;;laha17 020222
047580009806287;08947080041500931259;;;laha17 020222
047580009806292;08947080041500931267;;;laha17 020222
047580009806293;08947080041500931275;;;laha17 020222
047580009806319;08947080041500931283;;;laha17 020222
047580009806322;08947080041500931291;;;laha17 020222
047580009806323;08947080041500931309;;;laha17 020222
047580009806324;08947080041500931317;;;laha17 020222
047580009806326;08947080041500931325;;;laha17 020222
047580009806327;08947080041500931333;;;laha17 020222
047580009806328;08947080041500931341;;;laha17 020222
047580009806331;08947080041500931358;;;laha17 020222
047580009806333;08947080041500931366;;;laha17 020222
047580009806335;08947080041500931374;;;laha17 020222
047580009806336;08947080041500931382;;;laha17 020222
047580009806337;08947080041500931390;;;laha17 020222
047580009806338;08947080041500931408;;;laha17 020222
047580009806343;08947080041500931416;;;laha17 020222
047580009806344;08947080041500931424;;;laha17 020222
047580009806346;08947080041500931432;;;laha17 020222
047580009806347;08947080041500931440;;;laha17 020222
047580009806349;08947080041500931457;;;laha17 020222
047580009806352;08947080041500931465;;;laha17 020222
047580009806354;08947080041500931473;;;laha17 020222
047580009806355;08947080041500931481;;;laha17 020222
047580009806357;08947080041500931499;;;laha17 020222
047580009806358;08947080041500931507;;;laha17 020222
047580009806360;08947080041500931515;;;laha17 020222
047580009806362;08947080041500931523;;;laha17 020222
047580009806364;08947080041500931531;;;laha17 020222
047580009806365;08947080041500931549;;;laha17 020222
047580009806368;08947080041500931556;;;laha17 020222
047580009806369;08947080041500931572;;;laha17 020222
047580009806375;08947080041500931580;;;laha17 020222
047580009806376;08947080041500931598;;;laha17 020222
047580009806378;08947080041500931606;;;laha17 020222
047580009806379;08947080041500931614;;;laha17 020222
047580009806381;08947080041500931622;;;laha17 020222
047580009806383;08947080041500931630;;;laha17 020222
047580009806385;08947080041500931648;;;laha17 020222
047580009806387;08947080041500931655;;;laha17 020222
047580009806389;08947080041500931663;;;laha17 020222
047580009806390;08947080041500931671;;;laha17 020222
047580009806392;08947080041500931689;;;laha17 020222
