    BAN_NO
----------
 462651308 
 294229307 
 340681303 
 932588304 
 852991306 
 704188309 
 532122306 
 939022307 
 105122303 
 911824308 
 713824308 
 622334308 
 130529209 
 980797203 
 228934303 
 971917307 
 113918304 
 281184309 
 639384304 
 929194306 
 105294300 
 941367203 
 503969206 
 663005304 
 605305309 
 159577204 
 837728203 
 732538301 
 840615306 
 639242304 
 923625305 
 201599206 
 569925308 
 187300306 
 731145306 
 449145309 
 117545301 
 441410305 
 261065304 
 681065306 
 799068309 
 970469201 
 379465305 
 496275306 
 424982304 
 744092305 
 315092304 
 618292304 
 100330307 
 975392309 
 811103308 
 374140309 
 847385309 
 982940306 
 155840309 
 183903301 
 609406301 
 583023304 
 129306304 
 286260302 
 205016306 
 154616304 
 647616309 
 622716306 
 459923306 
 606533305 
 882739204 
 380336305 
 298436304 
 892253303 
 979453305 
 438601304 
 947601308 
 340656305 
 781563309 
 168956308 
 404366304 
 205473309 
 916711302 
 276711306 
 934276304 
 593658305 
 828976308 
 651031304 
 168683308 
 754486306 
 991196304 
 880296306 
 212296305 
 892657305 
 438996308 
 769504309 
 568107304 
 101217305 
 675998306 
 197614308 
 687317305 
 390627305 
 435437306 
 287277305 
 614477305 
 716687306 
 459787305 
 340887306 
 271597304 
 749697306 
 313897308 
 659008304 
 897208302 
 849269303 
 770659308 
 776659302 
 839169307 
 308969302 
 926879305 
 861189306 
 342189305 
 536589302 
 227589306 
 435589304 
 807739305 
 929899300 
 126200401 
 803500404 
 934500406 
 494800402 
 873510408 
 227900404 
 980210405 
 139610406 
 203710405 
 286538202 
 740588306 
 781988308 
 406188300 
 373578202 
 501628309 
 793058306 
 403308208 
 420859209 
 886509306 
 697908309 
 565268208 
 552998304 
 551859200 
 552067209 
 637698309 
 163988306 
 618478200 
 555449305 
 830829305 
 925328304 
 596648303 
 161588306 
 775767205 
 804887206 
 490988300 
 981661309 
 900239203 
 120391305 
 753449305 
 194112306 
 587112301 
 761112309 
 912349206 
 199624305 
 353334303 
 751534306 
 270634306 
 212644306 
 858988306 
 138078209 
 477888309 
 535058309 
 857674303 
 150774305 
 995839206 
 475384301 
 716769203 
 958694309 
 165794306 
 162897201 
 167429208 
 824229306 
 182805309 
 859639205 
 884542309 
 535842306 
 891552309 
 753652304 
 401135306 
 257500306 
 806345302 
 521562306 
 296010309 
 521455303 
 239755309 
 654320308 
 420865305 
 601982309 
 148609308 
 405092305 
 722292307 
 937392306 
 920903309 
 180203309 
 510595309 
 155213309 
 449206309 
 778406306 
 109706309 
 797216306 
 488723305 
 953516309 
 926716309 
 701916306 
 916533300 
 797533304 
 303936306 
 149590309 
 860301308 
 756956306 
 123121303 
 524858305 
 837466309 
 785521303 
 192259208 
 830876306 
 565231305 
 176609303 
 818686305 
 551096308 
 340596303 
 749196309 
 624396305 
 847257300 
 462407305 
 458907300 
 440707305 
 306214305 
 706314309 
 243727302 
 210647301 
 359267309 
 221139207 
 953467305 
 701967309 
 414077305 
 194587309 
 430497305 
 452097306 
 308597301 
 237078209 
 621089309 
 357779305 
 537879306 
 338289309 
 252418207 
 696689306 
 534789300 
 588789305 
 213889306 
 720999309 
 690999305 
 455978304 
 404799306 
 717010409 
 741999304 
 815999305 
 220000400 
 452700404 
 186800405 
 706210408 
 171610405 
 431728302 
 612829309 
 346229206 
 326668209 
 375318300 
 375439205 
 173278300 
 288209307 
 416858207 
 450297205 
 451418206 
 931219307 
 895378305 
 754509305 
 684109309 
 774528301 
 721978302 
 525839205 
 602538209 
 618968200 
 646058206 
 611868209 
 893059303 
 700368202 
 262719305 
 708348206 
 959998303 
 720529205 
 760108209 
 328978309 
 485549307 
 447598301 
 745698209 
 808428205 
 107968208 
 812997203 
 717671309 
 795678309 
 121902308 
 398438309 
 219502309 
 823902309 
 855112306 
 469112304 
 606512309 
 983628306 
 828119206 
 329022305 
 829269208 
 685222309 
 865224307 
 653924308 
 799732300 
 418832309 
 252932306 
 211932306 
 382334308 
 162544308 
 135388205 
 383644309 
 827947300 
 237417308 
 743717308 
 560528309 
 422829309 
 955588306 
 547484303 
 917484305 
 419484308 
 770884302 
 680194305 
 385669205 
 589694306 
 461105306 
 300998309 
 472428309 
 254229305 
 202018305 
 613748300 
 534748306 
 384515300 
 838142305 
 551342306 
 242542306 
 954318200 
 674199203 
 746899202 
 632552303 
 777925306 
 763700309 
 579852302 
 423562305 
 993635309 
 834300303 
 457300309 
 965208200 
 252055306 
 936378306 
 707310306 
 805410305 
 457410306 
 150555308 
 749065306 
 193165305 
 383165305 
 200465300 
 522465301 
 794565309 
 244665303 
 360420301 
 588075309 
 974139206 
 380375303 
 200330306 
 374392306 
 785392309 
 707975306 
 527875306 
 446630303 
 630085306 
 567285309 
 492485305 
 859340309 
 134803303 
 589013309 
 426895306 
 210506309 
 205506306 
 299706309 
 737016303 
 815116306 
 230316309 
 556316305 
 928316306 
 467616306 
 529923302 
 686916305 
 987026309 
 438533309 
 281633305 
 913733309 
 640626305 
 947353306 
 491436309 
 724543301 
 100046309 
 959153305 
 582046306 
 765046305 
 817390305 
 259146306 
 593446305 
 736453309 
 135890309 
 888429206 
 738953306 
 949256309 
 676356306 
 600456305 
 703756304 
 583563309 
 508663309 
 493866305 
 155963309 
 252373303 
 270766306 
 147966303 
 634521306 
 906476304 
 729283309 
 755231305 
 192849206 
 464876309 
 491131306 
 706783305 
 629486309 
 310786306 
 321786303 
 728786302 
 170296305 
 903296309 
 237693304 
 366296309 
 662596303 
 852541309 
 161796305 
 688741305 
 223896309 
 212996300 
 288996309 
 528996309 
 762804300 
 774309306 
 978307304 
 899309306 
 422117309 
 138327309 
 912009305 
 209529205 
 318347309 
 905937306 
 956937304 
 277547303 
 110647302 
 638647305 
 676747306 
 136267309 
 923567309 
 978177301 
 663477305 
 144477304 
 816687305 
 378987309 
 410197305 
 318297306 
 778297309 
 693397309 
 446597304 
 798697306 
 801218306 
 476008305 
 630208304 
 680408309 
 983408303 
 297118309 
 870659307 
 183659309 
 869959304 
 604269308 
 407169309 
 676769300 
 901618306 
 442869301 
 549869303 
 916279300 
 520588302 
 437779309 
 181679309 
 724679303 
 302089305 
 190879304 
 642879308 
 546879305 
 375979309 
 703628305 
 743189300 
 775289309 
 706789302 
 404689309 
 256789306 
 991889304 
 948889308 
 401999305 
 511999302 
 254578206 
 542200407 
 364999300 
 998300404 
 269300406 
 240400408 
 444500409 
 289868309 
 940600406 
 122010408 
 607600400 
 483800405 
 584800403 
 271829202 
 611110404 
 285310405 
 291997203 
 337610406 
 571710409 
 384059309 
 962728309 
 816068308 
 556378305 
 320177207 
 808188304 
 371988205 
 669428302 
 384759205 
 384939203 
 504229303 
 150118305 
 436529200 
 968039305 
 483438305 
 700468309 
 447368309 
 473449205 
 658598305 
 174609305 
 274709302 
 543309306 
 179428305 
 519649206 
 899998306 
 799488309 
 653449306 
 874417306 
 302058300 
 217188309 
 673678306 
 619088206 
 429639305 
 383449303 
 696268309 
 648388205 
 700478209 
 154609309 
 679609305 
 865709307 
 679558205 
 514468305 
 672309309 
 688358209 
 689377208 
 387219306 
 485648307 
 492079306 
 784267205 
 232988303 
 775478209 
 808039309 
 782339303 
 802368209 
 592908305 
 857971303 
 832588305 
 102709300 
 753991306 
 909187205 
 739022309 
 719222309 
 473212306 
 145222303 
 429422306 
 308998301 
 468624309 
 103532305 
 962832309 
 624042305 
 273042309 
 709339303 
 803278308 
 921368205 
 907888309 
 106074305 
 214474306 
 360829303 
 147819205 
 873874309 
 323384305 
 518729306 
 102194305 
 433984309 
 397984303 
 967769209 
 288869209 
 781969209 
 287894307 
 732105309 
 231105305 
 297005308 
 323505305 
 366729309 
 412898306 
 837698307 
 508358306 
 635517303 
 180139206 
 316515303 
 954457206 
 271552309 
 483825303 
 596925305 
 490135308 
 167752302 
 643835309 
 644935306 
 262500309 
 647500305 
 243245305 
 633245303 
 635345309 
 693545303 
 964269203 
 594110306 
 828055301 
 413355306 
 664655305 
 925855306 
 188810303 
 760265306 
 825265309 
 321365306 
 709765309 
 908958309 
 973828205 
 778030304 
 144392305 
 554392308 
 306392309 
 334392305 
 534392303 
 595392309 
 927392308 
 402485304 
 922003306 
 240103309 
 712203306 
 865429203 
 564603306 
 557903309 
 221013303 
 424113306 
 192213304 
 472350305 
 869558205 
 302613302 
 644506305 
 385606306 
 795260306 
 952216307 
 132416306 
 604716308 
 874816309 
 401916309 
 371916305 
 607333309 
 982533309 
 410633309 
 993236306 
 752826305 
 981436306 
 737536300 
 399290303 
 168090306 
 873936306 
 874390305 
 484353305 
 543690309 
 651446304 
 391990306 
 182368209 
 722401304 
 529401309 
 500501309 
 150456309 
 330463308 
 972011308 
 283463305 
 181663303 
 116373309 
 324366301 
 505366302 
 187457205 
 924473309 
 809276306 
 189478209 
 364476309 
 820976306 
 453383309 
 556976306 
 264583303 
 695586305 
 476786306 
 727709305 
 267378305 
 183793306 
 717296305 
 998893309 
 679158303 
 458007309 
 553207309 
 170007306 
 807207303 
 543804306 
 731904306 
 101014306 
 744014309 
 204469209 
 693514309 
 148337306 
 377627302 
 349337303 
 640437307 
 546837303 
 987347309 
 868747304 
 530367309 
 794077305 
 686077306 
 465687309 
 748787306 
 442887303 
 287987309 
 971097308 
 318097300 
 257297309 
 977297308 
 352597306 
 927947309 
 737947309 
 939208302 
 456208305 
 971308309 
 686518309 
 562808303 
 306059304 
 860659309 
 446659302 
 346169303 
 497169300 
 632969309 
 135588309 
 459869301 
 186279303 
 479969305 
 875279309 
 176279305 
 401379300 
 135679306 
 137779302 
 370879306 
 322879305 
 436089304 
 995489309 
 586589301 
 491889309 
 196989305 
 862699303 
 423699305 
 791699309 
 811999309 
 161999305 
 624999306 
 478300403 
 659300404 
 342400405 
 431600402 
 394600407 
 893800409 
 244800405 
 858900400 
 740210406 
 945410405 
 656610409 
 660610403 
 631610409 
 986368306 
 257958306 
 343538203 
 767328305 
 172988305 
 578988305 
 884549304 
 614649309 
 377677208 
 258428309 
 218978302 
 382388205 
 383828209 
 452987209 
 768378309 
 881229306 
 644629305 
 438139206 
 469558209 
 335909305 
 947598306 
 478369200 
 478377203 
 966709305 
 515849206 
 450227301 
 226418309 
 520988205 
 521108209 
 626847305 
 549749208 
 583978309 
 553538208 
 530159201 
 532067204 
 609429204 
 992059303 
 648008209 
 672529203 
 629638206 
 173609306 
 323709303 
 679387209 
 660487208 
 736309303 
 619998305 
 744229303 
 749488300 
 769488305 
 242588309 
 756668208 
 813318300 
 184948305 
 724318308 
 117318303 
 475551305 
 942651308 
 967328303 
 734361306 
 516271301 
 873681308 
 544449309 
 801628306 
 997902309 
 306012303 
 646012302 
 480112309 
 203112305 
 276422300 
 414122309 
 613122308 
 460947302 
 904724309 
 480824309 
 348334301 
 678042300 
 213034309 
 145832309 
 350042305 
 703042309 
 973634306 
 458127305 
 808544308 
 986354306 
 105564306 
 527474308 
 306384306 
 226384303 
 470884305 
 140194309 
 995984309 
 942439209 
 699679205 
 543994305 
 943748202 
 884105305 
 195305305 
 629858309 
 834069205 
 389698309 
 840987200 
 170558209 
 846828200 
 854578200 
 857329205 
 491805305 
 996648309 
 778879205 
 864042304 
 188852305 
 818752305 
 482542305 
 252252309 
 956287205 
 295925309 
 653700302 
 719899205 
 960999209 
 733852305 
 422735308 
 318735305 
 393300306 
 613562305 
 242545309 
 347055303 
 188055305 
 446910309 
 852355304 
 268610300 
 565810306 
 842855306 
 165855305 
 272165309 
 795520303 
 610865305 
 402809305 
 973649205 
 292982303 
 949392302 
 955392303 
 447392309 
 127392306 
 577492309 
 568930309 
 460485303 
 354285306 
 810003301 
 597503309 
 914603303 
 996740304 
 176740306 
 203013305 
 189013303 
 630113306 
 322006305 
 817406309 
 440606309 
 813406303 
 452606304 
 435506308 
 873729206 
 327016309 
 874457203 
 485116305 
 365116300 
 501416309 
 640733309 
 490716305 
 740233309 
 445333305 
 301533303 
 522533306 
 859533309 
 893826305 
 477280309 
 380380303 
 238643308 
 492046305 
 453936304 
 603146309 
 600553309 
 486790306 
 648890309 
 705456309 
 655953305 
 147301303 
 127156305 
 918356304 
 596356303 
 340456300 
 289356305 
 410456305 
 227556305 
 916701303 
 185458205 
 470066309 
 509663308 
 623373305 
 285383303 
 894473305 
 488473307 
 387473309 
 429473309 
 404866303 
 630076305 
 329873301 
 452658305 
 107986309 
 409976305 
 906683305 
 625683305 
 740386305 
 536883309 
 943686303 
 186686309 
 471709303 
 667258305 
 117986307 
 593793300 
 521693309 
 283296309 
 931396303 
 818741308 
 603657305 
 434007308 
 932309305 
 104904305 
 245904305 
 876314303 
 402324305 
 830217303 
 105727309 
 665037305 
 513237305 
 566337309 
 917437303 
 881637300 
 771347309 
 972058309 
 876267303 
 222529208 
 619867302 
 137177309 
 178887303 
 735787301 
 228787305 
 448787309 
 327297305 
 521397307 
 101397305 
 312597305 
 758797302 
 940897309 
 134008309 
 618208300 
 213208309 
 363208307 
 977208305 
 532308301 
 471808303 
 551808306 
 995059300 
 382659308 
 104659305 
 535659304 
 757169305 
 730679305 
 542918305 
 707279303 
 673579306 
 987779303 
 895289304 
 898779301 
 594189300 
 936089309 
 759289309 
 265589309 
 297589301 
 758589303 
 394789309 
 796789303 
 588889303 
 308899301 
 770000404 
 632699302 
 395699309 
 438799306 
 446000408 
 957000409 
 771200409 
 569200405 
 312300403 
 762300408 
 205700404 
 181110404 
 127410405 
 543210405 
 661310409 
 541410403 
 461610404 
 952710408 
 530068303 
 315839209 
 356909309 
 359239209 
 362239204 
 918978305 
 518978309 
 674978309 
 128978301 
 383478203 
 404578205 
 388267205 
 442069209 
 415028208 
 483388203 
 444739205 
 310698303 
 732698303 
 226609303 
 497629204 
 443409305 
 564329209 
 418257309 
 259309300 
 105119309 
 982528309 
 456717305 
 554267203 
 316857309 
 255549305 
 621897206 
 608557203 
 196039309 
 781709308 
 196709307 
 496409301 
 706288206 
 226058303 
 662529205 
 667649206 
 869858308 
 512318304 
 733639207 
 873588305 
 755668209 
 770287209 
 236058301 
 448039305 
 278039300 
 801667205 
 593468309 
 380549303 
 646058305 
 805729209 
 712681303 
 260381306 
 346188303 
 613991306 
 489802306 
 896012309 
 847012309 
 478012305 
 111112306 
 384109302 
 673122305 
 665222303 
 426832309 
 974849200 
 720824309 
 197732308 
 418328308 
 131229205 
 816339303 
 552934309 
 872544309 
 814988309 
 542644307 
 724844303 
 865354302 
 924457203 
 664339306 
 646874305 
 158974303 
 995478203 
 780984308 
 618729305 
 998567200 
 592884308 
 636094302 
 941008203 
 629694308 
 694279209 
 781105309 
 405105305 
 432305308 
 835687203 
 202805305 
 633115308 
 793289208 
 971825302 
 718642309 
 214825309 
 108938309 
 716825302 
 459825303 
 479825309 
 986552305 
 341652303 
 412135303 
 133899203 
 643852304 
 551835309 
 789245305 
 917345308 
 866192305 
 322845306 
 192845303 
 327210308 
 696910306 
 796855302 
 117265306 
 542365309 
 209320308 
 189765308 
 953865300 
 502809304 
 753720309 
 410075303 
 805982303 
 548092303 
 142292309 
 625392303 
 185392305 
 116392309 
 542492301 
 783492309 
 571103308 
 932185309 
 438003303 
 870103306 
 181103300 
 459140307 
 915585301 
 969640309 
 922940309 
 753840305 
 303795306 
 405113309 
 358306306 
 183406305 
 642026306 
 687016303 
 256606302 
 766906309 
 165516303 
 971960307 
 667416309 
 757916309 
 975333303 
 286126305 
 152670303 
 734633308 
 750043309 
 879526309 
 394490304 
 123436305 
 487836306 
 177636305 
 622046308 
 898346309 
 774690309 
 674453303 
 381553304 
 954546305 
 418990305 
 371719303 
 121256309 
 713548303 
 616956306 
 843563305 
 302066303 
 381958305 
 186098208 
 335111308 
 494366305 
 417473303 
 283866309 
 190108209 
 140676305 
 527183305 
 520976309 
 192638203 
 974976300 
 320086309 
 763086303 
 161683305 
 470031303 
 578731309 
 661196303 
 343986303 
 283986305 
 729196303 
 134396308 
 988496303 
 908996309 
 601107303 
 157804303 
 379207301 
 562904300 
 351214309 
 644707309 
 610948309 
 725317309 
 929317303 
 844727305 
 708627302 
 339337305 
 501247308 
 596698308 
 618647309 
 747767309 
 693967309 
 807077300 
 204277305 
 655687309 
 480787308 
 941887309 
 646887307 
 695987305 
 309297307 
 902797307 
 621697309 
 818847303 
 695997304 
 919808303 
 138428305 
 970659306 
 237947304 
 133659300 
 836659300 
 488269309 
 802869305 
 647779305 
 247457203 
 589579309 
 217579309 
 248567208 
 928779305 
 645779307 
 384879300 
 476189303 
 536089303 
 528089303 
 517189304 
 735289308 
 263689309 
 244589305 
 959489303 
 390989309 
 120599303 
 445599301 
 227599305 
 279699300 
 187799309 
 351999305 
 625999305 
 259300408 
 299700401 
 609300405 
 159600402 
 810800409 
 378800403 
 840210405 
 838410405 
 767510407 
 680610409 
 326610409 
 667039309 
 279558209 
 303929202 
 307729202 
 965958309 
 348368200 
 993188309 
 378629208 
 633939301 
 756339305 
 102838307 
 393149208 
 944339308 
 409429206 
 459558201 
 436858203 
 443018205 
 871728309 
 420658205 
 508439205 
 756119301 
 498478205 
 562638205 
 463219303 
 843528308 
 201748308 
 327998308 
 318978301 
 573339207 
 594659203 
 579849209 
 372628305 
 583738208 
 620368209 
 606329209 
 271728305 
 620978205 
 621487206 
 455278309 
 632677209 
 974509309 
 677348203 
 841709306 
 913709309 
 678858200 
 657578209 
 133509307 
 413229303 
 714967205 
 121588305 
 691258305 
 665948303 
 141848309 
 781648308 
 683668305 
 266757301 
 510681307 
 329271308 
 672168309 
 846671303 
 902588300 
 986378305 
 525549309 
 254502305 
 909059206 
 565012309 
 319022307 
 429012305 
 629012303 
 916112303 
 742838303 
 829348200 
 926324302 
 595432303 
 683924302 
 117042309 
 170832307 
 536134307 
 103042305 
 131978207 
 608634309 
 325908309 
 923278303 
 926354309 
 520917303 
 966554305 
 418339305 
 392057303 
 932018203 
 160829305 
 213874308 
 460584303 
 937268209 
 823684303 
 789784303 
 199984303 
 425094307 
 702194309 
 255994303 
 702105305 
 542105309 
 643005309 
 108705302 
 864058300 
 221428303 
 427729306 
 786698308 
 547039305 
 802018309 
 563717305 
 948809207 
 477015309 
 577515307 
 693289209 
 760342303 
 695342303 
 455542308 
 222552309 
 191252303 
 636035305 
 808599203 
 701699209 
 325552305 
 489799205 
 122535305 
 203535307 
 890635303 
 558200309 
 765935309 
 866045305 
 546600305 
 728600305 
 369445309 
 311645303 
 455945303 
 965429202 
 874510308 
 788355303 
 202455309 
 267855302 
 655772309 
 403130305 
 348068305 
 928065309 
 280165309 
 680168309 
 235765302 
 337965305 
 325809309 
 573175304 
 325175305 
 155275308 
 738609304 
 183982305 
 735092306 
 527475305 
 710575309 
 227392305 
 427392303 
 862549201 
 148975303 
 421085309 
 176992303 
 827285305 
 105240303 
 872203302 
 314603309 
 476903307 
 277495305 
 300613304 
 528206303 
 464406305 
 578506305 
 107506305 
 194606307 
 537116303 
 610416307 
 968316307 
 882616303 
 728916305 
 988626305 
 665026308 
 339633307 
 142826304 
 256090309 
 771936309 
 839936309 
 417146305 
 274353309 
 767353303 
 281746305 
 404646309 
 816056303 
 297953309 
 371156308 
 289401309 
 166356303 
 206956302 
 880463302 
 824563308 
 611473307 
 929663300 
 797066305 
 373466309 
 690273305 
 638666305 
 119666303 
 319473302 
 317076305 
 479873309 
 681476305 
 805658309 
 903876308 
 192586303 
 674683305 
 177286309 
 649883303 
 242983302 
 769293309 
 673886305 
 380096305 
 110596301 
 624196309 
 741893309 
 980893309 
 756796306 
 880796305 
 326996303 
 490007309 
 714114303 
 403309305 
 294207303 
 589307305 
 472407303 
 580807303 
 115707309 
 755314309 
 234317303 
 172417305 
 609327309 
 243827300 
 210309209 
 574937306 
 292637303 
 627837305 
 153247309 
 568347306 
 673267308 
 846267300 
 332367309 
 258367309 
 907867303 
 554867309 
 283077303 
 787077304 
 575277306 
 767487309 
 230049207 
 483887303 
 954887303 
 826597304 
 335597308 
 290697309 
 748597309 
 682697305 
 234819209 
 219208303 
 408108306 
 660208307 
 243208303 
 679808303 
 869847301 
 239729205 
 649269305 
 922659305 
 243367208 
 957579303 
 668269301 
 191918309 
 917969305 
 259479301 
 512679309 
 520679309 
 126089309 
 626089304 
 726089303 
 903189306 
 635489305 
 673489308 
 256589300 
 468589304 
 179689302 
 230889305 
 371889304 
 412889305 
 162889307 
 113989305 
 880999305 
 833699309 
 942999301 
 323999300 
 185999307 
 692000409 
 155300403 
 270297203 
 531400406 
 643400401 
 426500401 
 287500409 
 889868303 
 399868306 
 221010408 
 265110403 
 107210403 
 950310409 
 301310405 
 811410406 
 164410409 
 213710403 
 233710409 
 281939207 
 282839208 
 834119307 
 349239202 
 332238203 
 266449305 
 783978307 
 380739201 
 689868305 
 382797207 
 430418202 
 430788208 
 572668309 
 382668309 
 394739205 
 193468303 
 214468308 
 482649209 
 442557203 
 488357203 
 523728301 
 421988205 
 490208204 
 243518305 
 500857305 
 539638205 
 195309307 
 133109306 
 591429204 
 525268207 
 583588306 
 663998300 
 393978309 
 132898305 
 553828203 
 285378303 
 715549309 
 339988305 
 355449307 
 622997203 
 236909305 
 448609305 
 640709309 
 507448306 
 927709303 
 547709303 
 427109301 
 663249209 
 728529207 
 733797203 
 736987207 
 785978305 
 763529203 
 763828209 
 798897203 
 105429203 
 593188303 
 278978309 
 110339207 
 814229209 
 981978307 
 991691304 
 820667202 
 118119205 
 822067203 
 894112309 
 278012307 
 649309309 
 963122304 
 723722302 
 122278302 
 718624307 
 513832303 
 469832307 
 978429207 
 479932303 
 394908305 
 242934305 
 273278309 
 984418202 
 127354306 
 446058307 
 649888302 
 988387205 
 416668309 
 522829308 
 234574309 
 789227303 
 147638209 
 491728309 
 285484309 
 178484309 
 530094309 
 584884308 
 211984307 
 904094307 
 902969203 
 942359209 
 936379205 
 783005309 
 840805303 
 149908303 
 394517304 
 335848305 
 602648305 
 362142309 
 502715303 
 499389203 
 949442305 
 374542306 
 954268207 
 324252303 
 971552302 
 445799208 
 669825309 
 559552302 
 487799207 
 178752309 
 299752303 
 485435309 
 447535303 
 965635303 
 810400309 
 905935300 
 617045307 
 892700303 
 549545309 
 397110305 
 658110309 
 269945309 
 585310303 
 311955306 
 732955307 
 837068303 
 429265309 
 264165309 
 557958303 
 864320304 
 469765309 
 121865307 
 172809303 
 444982300 
 546982307 
 504130303 
 650192305 
 934192303 
 518292305 
 323230300 
 755392305 
 985392307 
 706392305 
 219492303 
 975875303 
 495585309 
 732485305 
 509103305 
 496540303 
 332950302 
 662295302 
 369013305 
 150695302 
 611006305 
 656106309 
 763406303 
 977506302 
 459806303 
 860616309 
 246316301 
 186316303 
 209316306 
 818516304 
 120716303 
 310716303 
 544333305 
 554826305 
 206926305 
 400543302 
 621146307 
 946936309 
 654253301 
 646490300 
 322253303 
 868146309 
 800646309 
 411446305 
 960553303 
 671746303 
 888567203 
 923301303 
 141301309 
 818401309 
 586356305 
 418356309 
 900456302 
 880763305 
 819556309 
 564756302 
 165801309 
 961066305 
 516411303 
 734473309 
 582711305 
 698473303 
 708676309 
 275383305 
 146658307 
 753086305 
 805231305 
 706231305 
 147586309 
 674983309 
 838586303 
 844686303 
 194886305 
 594731309 
 137296307 
 588793307 
 308796309 
 215896309 
 631996303 
 533996302 
 433309309 
 654804301 
 334307303 
 252407309 
 787407303 
 816607303 
 475707303 
 196317309 
 207929209 
 733727309 
 319337309 
 677748303 
 903937308 
 673937306 
 681647301 
 642847305 
 441467305 
 128467305 
 928767300 
 584077309 
 665477303 
 230388209 
 844887307 
 112097308 
 513097303 
 211197306 
 223797309 
 433597309 
 713108306 
 712318302 
 486208309 
 748208303 
 955308309 
 238478200 
 699808309 
 932659303 
 925659302 
 799518303 
 459169306 
 369579305 
 735588303 
 107769309 
 877769307 
 920969300 
 938579307 
 248798209 
 938679305 
 166679308 
 631979309 
 847979309 
 118189307 
 866289309 
 682589304 
 674689302 
 434689303 
 676689300 
 869689307 
 843789306 
 688789304 
 153599303 
 284599305 
 530799303 
 642200406 
 379899305 
 371999301 
 995000403 
 961200409 
 405400409 
 117500405 
 611600404 
 632700407 
 685700403 
 178800405 
 225900406 
 931010409 
 290297209 
 146310404 
 920610409 
 288610405 
 332710409 
 238039309 
 278059209 
 299478206 
 807367305 
 307757203 
 954999306 
 709358303 
 336428305 
 283588309 
 378649206 
 728809302 
 368928206 
 402249205 
 679018309 
 147668305 
 313339301 
 578729303 
 461958209 
 468667209 
 310068309 
 449629203 
 422639203 
 473469203 
 473538205 
 833909302 
 310327309 
 913698304 
 876658303 
 602219305 
 853219301 
 570119305 
 389127309 
 508109303 
 822528303 
 543209308 
 927027300 
 572359206 
 759488307 
 663917300 
 873648307 
 197798309 
 605887207 
 586329203 
 623787207 
 497909309 
 700269202 
 964609309 
 782209308 
 711858209 
 688629203 
 316119304 
 573958303 
 758288203 
 994258309 
 943848309 
 748138203 
 372648303 
 788039303 
 528188303 
 254549306 
 822259206 
 908968209 
 503309304 
 753112309 
 591209309 
 510422306 
 709639306 
 738932300 
 112127303 
 866634306 
 153544309 
 688917301 
 479464307 
 192339307 
 263884306 
 195094305 
 948105309 
 381305309 
 171987209 
 978142305 
 216242305 
 954749206 
 358325306 
 513552307 
 524010303 
 648435303 
 960097202 
 419735303 
 868445305 
 187472303 
 416119303 
 456810308 
 685165300 
 134365303 
 273565309 
 268565306 
 273982306 
 468030309 
 515375301 
 417392305 
 409185303 
 772103305 
 224585307 
 617803309 
 969013309 
 803795301 
 641006309 
 890406309 
 972506307 
 127416303 
 679133306 
 828570309 
 629633306 
 285490306 
 106536303 
 841980303 
 760301309 
 670401306 
 643473309 
 415473305 
 174283309 
 734683303 
 818786303 
 743793309 
 855196309 
 212396303 
 907551303 
 338704307 
 765407309 
 629109307 
 757927306 
 690437306 
 137077301 
 927177303 
 285097309 
 974987307 
 302197306 
 958397309 
 792397309 
 563008309 
 270208309 
 822659306 
 495988305 
 682469309 
 811959303 
 329779300 
 930588306 
 975679309 
 114189301 
 633189303 
 970389300 
 934689308 
 515589307 
 171789308 
 671989309 
 802699306 
 245599303 
 922699301 
 823400403 
 716400403 
 277110409 
 701210403 
 385210406 
 421229303 
 282797208 
 165338302 
 312478209 
 323658203 
 369488309 
 379888209 
 437567209 
 704468305 
 489308205 
 512698309 
 278309307 
 839428307 
 525119301 
 928978303 
 590967204 
 591549209 
 223947300 
 759757305 
 619639206 
 624229209 
 200968303 
 700949209 
 683469209 
 203209309 
 643428303 
 138978309 
 892868209 
 371661307 
 569581309 
 181781303 
 428328306 
 851112300 
 607112307 
 966422305 
 887334308 
 579432303 
 907832307 
 177434305 
 831042304 
 237668306 
 713828309 
 750628307 
 579884305 
 391869203 
 285305306 
 465729309 
 168169209 
 180469207 
 414848309 
 772289203 
 214142309 
 371252305 
 334952306 
 747735306 
 112835301 
 537155301 
 578555302 
 358810307 
 772219309 
 787365303 
 676982309 
 817292303 
 120392303 
 327392304 
 827392309 
 443385307 
 675385306 
 114640303 
 775903305 
 281595306 
 698406303 
 833406309 
 996506309 
 655116309 
 620733303 
 569916307 
 595333303 
 878667203 
 882018203 
 522543305 
 928636307 
 239636301 
 997446307 
 252890306 
 464801307 
 749701306 
 839858305 
 878066307 
 860466309 
 566711305 
 171583305 
 235621307 
 546776303 
 308783307 
 277018305 
 928731306 
 677296303 
 537296303 
 603893306 
 299209304 
 696704303 
 951904309 
 161214309 
 513707307 
 224627307 
 561009309 
 310437306 
 776647307 
 622847309 
 220077309 
 540177300 
 705277309 
 964987309 
 373797307 
 852008309 
 579108309 
 132508300 
 936659309 
 327769303 
 999579303 
 268679305 
 691879308 
 536189301 
 724189303 
 365189307 
 525589305 
 345589303 
 770599306 
 405599309 
 478899305 
 671628303 
 633799309 
 985300409 
 995500402 
 220968309 
 286800404 
 212900401 
 598610400 
 533710406 
 277428207 
 840219307 
 326587201 
 333287209 
 335557203 
 628378309 
 484828207 
 100258300 
 827888306 
 519328207 
 338998305 
 713917300 
 524028206 
 665648309 
 304939309 
 603359209 
 584357206 
 610378309 
 772709309 
 543109300 
 868798307 
 760448209 
 781318308 
 790939201 
 966318305 
 791429202 
 929971307 
 157271305 
 385981303 
 902369206 
 502709306 
 517112306 
 587432303 
 295022305 
 564227304 
 609624309 
 290824309 
 569322308 
 267334308 
 685832305 
 802434308 
 939318309 
 408888303 
 920744307 
 145329207 
 120494307 
 767094303 
 832018204 
 110805306 
 318588308 
 558579207 
 167291301 
 240194308 
 805049202 
 862005303 
 989894308 
 355229303 
 851334300 
 793719303 
 506724301 
 910912302 
 432428308 
 441418308 
 854268208 
 640442307 
 788624302 
 982359200 
 866452303 
 625342308 
 934387200 
 810574301 
 855384301 
 245535307 
 528935307 
 666045307 
 907662308 
 852239201 
 778445304 
 165588302 
 517784302 
 413455304 
 371210303 
 234510303 
 522175306 
 882855307 
 189068307 
 209165307 
 463182303 
 118625300 
 285392304 
 606392306 
 378320303 
 583835301 
 571068303 
 458630308 
 165392309 
 187799200 
 425982303 
 385392303 
 848529202 
 439952300 
 722230307 
 969240308 
 525058301 
 296595309 
 555206309 
 369552302 
 722865300 
 484113303 
 946895307 
 125045302 
 522923309 
 395392301 
 766506307 
 354392300 
 347392300 
 835516303 
 730040300 
 240316307 
 608303301 
 347065302 
 521090308 
 735113300 
 903795300 
 863146304 
 209903301 
 659406300 
 789016300 
 600613301 
 386733307 
 394392302 
 603936303 
 646875302 
 510290307 
 330003302 
 804553303 
 126516301 
 518936307 
 906280300 
 642790307 
 921463303 
 749201307 
 682801303 
 200273308 
 700706302 
 214776304 
 528636301 
 926301300 
 876490301 
 100733302 
 258586304 
 605390301 
 687783308 
 124976309 
 168663300 
 556916302 
 567246301 
 435686308 
 314731308 
 722766300 
 235826302 
 203176300 
 303267306 
 265876300 
 582736302 
 996709309 
 531836302 
 712796309 
 650614308 
 280987306 
 769696303 
 894790302 
 231997206 
 109914309 
 714676301 
 666953302 
 289283301 
 546201302 
 307867309 
 462427303 
 755921301 
 503267304 
 999496300 
 112757307 
 968297309 
 871967303 
 202893301 
 282497304 
 803589308 
 277797304 
 478369309 
 423207307 
 296789308 
 138614300 
 672979309 
 496904301 
 694307307 
 579988304 
 239329204 
 671300408 
 723528303 
 510968308 
 808789309 
 860999309 
 624689303 
 737287300 
 741010409 
 525610408 
 932999303 
 196177307 
 434400404 
 398328302 
 650693302 
 987729308 
 131497307 
 820968303 
 349600403 
 367969300 
 192596302 
 320210404 
 548510403 
 833797301 
 839008307 
 918208307 
 765789300 
 501969307 
 426799300 
 460949209 
 548679307 
 571210400 
 498210400 
 197367303 
 380587204 
 994589307 
 149589301 
 868658303 
 718729304 
 401967302 
 598889301 
 599497302 
 556329209 
 677008302 
 574067203 
 180659302 
 587408204 
 842659302 
 894978303 
 743310401 
 713949303 
 822728309 
 840679302 
 614728301 
 134969302 
 321877201 
 933579302 
 699967204 
 660709304 
 170058309 
 599598307 
 531988301 
 105599302 
 214127300 
 438999302 
 548659200 
 450628300 
 596897207 
 271297202 
 784329203 
 769449208 
 367068301 
 558629200 
 601587207 
 369410402 
 322328303 
 605329200 
 645429200 
 543538201 
 479428302 
 696819200 
 265709303 
 106329204 
 432648301 
 738488303 
 898429204 
 252691308 
 575439302 
 773939301 
 319012308 
 713112308 
 718978307 
 536848302 
 115959207 
 954939302 
 671709301 
 189534308 
 803042308 
 208222307 
 261948301 
 158844308 
 742222300 
 619932304 
 920508207 
 243224300 
 802757302 
 803578202 
 968974303 
 898515309 
 926208208 
 699818308 
 191709302 
 962764304 
 956554307 
 228949301 
 328732300 
 849674304 
 531917300 
 256027301 
 991478207 
 157484304 
 924458201 
 769205303 
 781405303 
 123764300 
 643884307 
 471174300 
 179858303 
 521584300 
 527679203 
 618679203 
 530984301 
 174669200 
 189898307 
 587489204 
 334105301 
 407925304 
 751018300 
 837649201 
 440105302 
 536142300 
 376625307 
 512725300 
 479042301 
 928462308 
 684845308 
 709752307 
 648400307 
 820525301 
 442013306 
 992535302 
 432645307 
 556200301 
 792845307 
 860469204 
 820609303 
 153119300 
 613410307 
 728075300 
 464655307 
 827340308 
 883555302 
 412765307 
 289385304 
 974392300 
 148165301 
 834609307 
 817392301 
 627392301 
 658016308 
 365392307 
 280316308 
 887616308 
 499406304 
 939703302 
 445616303 
 377595301 
 744206301 
 663023307 
 490733300 
 160116307 
 875429201 
 883929200 
 339636300 
 939606307 
 164923302 
 551716301 
 628433302 
 362456303 
 900816307 
 477748305 
 555436302 
 885729202 
 459173308 
 500590302 
 827980301 
 236801304 
 732856307 
 914783303 
 463208306 
 454276304 
 991456302 
 744276304 
 235189305 
 928786300 
 851699306 
 288586308 
 973731300 
 888489309 
 592983308 
 415586304 
 676609308 
 494600406 
 142900406 
 746939305 
 500210406 
 215986308 
 257368209 
 912899309 
 955383302 
 299904300 
 833948300 
 657883302 
 720686302 
 775704307 
 808607303 
 488514308 
 947837308 
 392893301 
 951196302 
 778547307 
 977196302 
 439427303 
 218787208 
 780847307 
 767309305 
 253896302 
 550217301 
 279779300 
 295207302 
 901257303 
 669897308 
 892267303 
 218478204 
 399499300 
 475799300 
 926267303 
 209229202 
 622659308 
 892748302 
 900800400 
 790808307 
 578687303 
 312900400 
 703679308 
 839579307 
 224710400 
 878497304 
 160709309 
 287008304 
 153859301 
 911589307 
 282588300 
 857769301 
 179967302 
 847077302 
 171079304 
 289789307 
 564058303 
 892699307 
 995289303 
 254799307 
 927900407 
 462908302 
 525689303 
 205468309 
 148039308 
 643999303 
 319900403 
 276689304 
 806289302 
 238488308 
 373510403 
 772699302 
 503999302 
 192699304 
 401000401 
 103500401 
 486538200 
 334510401 
 308600402 
 750310401 
 332667203 
 119309300 
 382539203 
 203038302 
 234318301 
 242218303 
 484397203 
 175318302 
 803112309 
 335119301 
 695588301 
 682902309 
 117709303 
 934278300 
 232009308 
 915378301 
 881628309 
 723998308 
 414229302 
 476767207 
 508297207 
 982748303 
 898628300 
 524709300 
 242939304 
 667919302 
 138958301 
 634667208 
 889628301 
 392658308 
 580978203 
 657748307 
 296018302 
 465709301 
 969609304 
 743309304 
 648488302 
 469428304 
 630959203 
 459488300 
 671957207 
 544439201 
 736269200 
 965409303 
 312748304 
 696709302 
 849218300 
 747798304 
 485468300 
 872309307 
 448899302 
 809897200 
 590681300 
 815549308 
 827971300 
 131671307 
 460681307 
 720998301 
 610998304 
 325549301 
 902329200 
 802549204 
 894357201 
 803638204 
 125998203 
 108149204 
 309012300 
 467022307 
 839112307 
 470709304 
 151722303 
 631932308 
 663122307 
 413112301 
 600602304 
 653222307 
 912097201 
 517034302 
 770422301 
 560032302 
 895109304 
 759022304 
 244227302 
 197624307 
 915928204 
 127229201 
 169334307 
 630832301 
 613127307 
 135718203 
 977308204 
 575354303 
 497488304 
 577127301 
 917847204 
 262057300 
 862574308 
 983428202 
 503274300 
 748934304 
 193954302 
 815057302 
 838184307 
 181084302 
 937688208 
 512574302 
 458729308 
 543884308 
 142105303 
 796554301 
 473669208 
 627668304 
 387794308 
 571194307 
 161184304 
 923684302 
 359994308 
 127449304 
 834938300 
 847158300 
 899898308 
 820758308 
 747598308 
 159238302 
 836357202 
 158658302 
 169558202 
 438199200 
 608938304 
 901748301 
 193442308 
 140342304 
 122442304 
 555725308 
 637952300 
 995392305 
 822642302 
 474392305 
 534735303 
 741699201 
 113552301 
 775725302 
 377952304 
 518952304 
 705635308 
 126462308 
 375300308 
 495435307 
 960108207 
 184510303 
 876048307 
 168445302 
 469245302 
 590562302 
 418855300 
 751465303 
 991545302 
 906810304 
 334720307 
 511645301 
 698910304 
 618565303 
 886410307 
 159410307 
 968067207 
 639210301 
 378068308 
 967428202 
 917858300 
 906392303 
 580320307 
 682182308 
 603665308 
 186965307 
 786775304 
 943465302 
 524965308 
 711292300 
 194392304 
 518665302 
 618103303 
 169475308 
 119092302 
 266992304 
 329392302 
 622103307 
 461790305 
 987992302 
 872585302 
 568390306 
 310340302 
 254392301 
 131792301 
 785295304 
 538703307 
 301695300 
 440940302 
 814695300 
 598013308 
 269595302 
 482506300 
 749406302 
 876098203 
 694606302 
 258413301 
 735516304 
 353695307 
 870787207 
 847316304 
 501616304 
 281960302 
 384516308 
 622616308 
 879558203 
 239723307 
 741716302 
 196716302 
 568316301 
 656616307 
 699916300 
 355126301 
 259976306 
 175333301 
 931733307 
 658436308 
 471483305 
 658280300 
 379583305 
 109236307 
 931353304 
 291436301 
 689443307 
 311736300 
 491190302 
 591146303 
 349253302 
 726201304 
 987690302 
 721793305 
 381990308 
 429056302 
 899590301 
 777953308 
 374896306 
 887429207 
 990001307 
 916363302 
 834704306 
 783156300 
 259056307 
 895018307 
 901663302 
 253401301 
 542256300 
 789356300 
 896473303 
 519966303 
 635463300 
 429463300 
 347066300 
 262876303 
 403801301 
 860476308 
 914663307 
 753547306 
 183921303 
 996658308 
 169593308 
 516793304 
 163296304 
 709693303 
 353609308 
 957586308 
 727296303 
 897697306 
 561876301 
 734609308 
 387586308 
 265993303 
 831396304 
 488696303 
 697583300 
 396018301 
 166208306 
 297007304 
 345883300 
 205096308 
 410596308 
 433296308 
 286496302 
 476286307 
 764586301 
 803407303 
 359686300 
 637879305 
 773031307 
 540189305 
 459007308 
 116379306 
 531709301 
 214314304 
 903679306 
 773096300 
 204209308 
 989286307 
 785258302 
 381689306 
 731627303 
 588898304 
 916937303 
 782996300 
 284547304 
 504747304 
 908607302 
 410196307 
 581324308 
 700600406 
 472309301 
 542700406 
 128704301 
 524318300 
 799467303 
 930710405 
 769904301 
 515937308 
 737087304 
 941510406 
 234987303 
 998114300 
 526747308 
 364468306 
 315414300 
 717297303 
 631397304 
 120309307 
 152710406 
 266747302 
 932697303 
 697367308 
 980627301 
 581897303 
 931627301 
 382897304 
 300208303 
 853208304 
 500567300 
 721607307 
 906887302 
 877797308 
 408648301 
 313408304 
 273959304 
 226869303 
 242018208 
 190969303 
 308277300 
 171698301 
 528869308 
 921087300 
 605869304 
 972327308 
 567679303 
 649779303 
 671177301 
 571808302 
 410418206 
 492189303 
 435497300 
 283848307 
 213089303 
 182277301 
 895597300 
 397489303 
 985969302 
 550099303 
 413079302 
 368899308 
 432408300 
 498799303 
 133389304 
 669579302 
 546889304 
 184917300 
 819200403 
 392899308 
 729600403 
 256658204 
 212189302 
 554169300 
 416300408 
 820010403 
 773118302 
 429769300 
 329747307 
 273517300 
 700968308 
 168010403 
 250789302 
 972177307 
 609600408 
 102789302 
 366010403 
 751659301 
 100889302 
 634310403 
 456889302 
 280659301 
 483848305 
 521089300 
 839210408 
 736659301 
 405169301 
 822610408 
 940269301 
 133200402 
 405600404 
 762710408 
 382710408 
 329400402 
 251869301 
 470110404 
 797500402 
 641789300 
 792318305 
 229597307 
 995697307 
 124728304 
 318278306 
 697899300 
 380999300 
 449489301 
 232999300 
 657429205 
 805008307 
 300638202 
 258888304 
 609500400 
 120968300 
 400409306 
 888799301 
 532628302 
 714169307 
 926300401 
 620700401 
 431539204 
 533449302 
 458579307 
 303969307 
 701310401 
 298309303 
 855378303 
 340610401 
 589039304 
 899598304 
 843289307 
 430748202 
 273988303 
 228978300 
 255638207 
 485019301 
 849848304 
 233119304 
 906899307 
 108339300 
 882119308 
 465318202 
 485929202 
 531918308 
 705308203 
 692588304 
 722529203 
 523800407 
 533917308 
 214412306 
 177609302 
 892258302 
 741848303 
 845229301 
 215258302 
 195018304 
 984410407 
 886258300 
 690610407 
 575339304 
 611859208 
 146378302 
 253109300 
 627068307 
 609658307 
 815709308 
 536249303 
 655709301 
 387278302 
 665748208 
 663478204 
 824549307 
 820628303 
 451639207 
 214848301 
 663829307 
 999868300 
 748329208 
 633049200 
 724519202 
 480998301 
 999628308 
 789897204 
 467329207 
 552429201 
 843651308 
 719867202 
 576557201 
 469229207 
 615227303 
 725968200 
 912829306 
 586519308 
 556578201 
 316971308 
 853857308 
 301119301 
 809839202 
 548909308 
 887271302 
 903097202 
 289012304 
 275709301 
 899478200 
 667318307 
 823224308 
 389422304 
 698268307 
 386709307 
 832428205 
 504564303 
 337709307 
 351532304 
 935578203 
 450634308 
 873184303 
 280428301 
 184624302 
 986922300 
 979488301 
 410524300 
 190824300 
 850947300 
 983984303 
 657917308 
 361042302 
 828844308 
 922934302 
 518554308 
 175339308 
 417005303 
 142638204 
 595439308 
 393339304 
 809339302 
 698798303 
 991678301 
 807484308 
 174991307 
 365668300 
 995998200 
 443722301 
 146034301 
 564884302 
 658012307 
 277194304 
 705122307 
 637600305 
 420005308 
 938994308 
 410105308 
 661932301 
 976538207 
 816832307 
 184042307 
 835208208 
 263998304 
 257598300 
 797378304 
 172439200 
 473898302 
 847039302 
 567735303 
 876258302 
 191935303 
 145049201 
 797474301 
 433342300 
 996739207 
 295048300 
 997478201 
 241342302 
 468652300 
 783884307 
 120410303 
 953997202 
 897735304 
 883772303 
 917452302 
 881699201 
 302552302 
 311935308 
 926869207 
 156045304 
 737994301 
 397952300 
 959839200 
 213105307 
 803035302 
 282405307 
 942305301 
 655010304 
 191645308 
 959739202 
 944229301 
 241545300 
 703948307 
 360345300 
 686300302 
 833400302 
 992410308 
 438042301 
 137345302 
 669955304 
 451342307 
 254292303 
 734199201 
 674392303 
 324075308 
 602165300 
 322175308 
 188035307 
 977455302 
 210135307 
 972752307 
 354952301 
 117092304 
 856126305 
 818130304 
 352292304 
 157140302 
 365045301 
 169692308 
 836392308 
 338175300 
 764392304 
 351562301 
 836545301 
 657126306 
 231345307 
 631119302 
 382945301 
 685392300 
 398055301 
 173965302 
 201555307 
 957410301 
 161103304 
 372950303 
 705092302 
 997306303 
 961203304 
 197360308 
 299803304 
 775585300 
 300606308 
 688706308 
 721285302 
 368113304 
 232175307 
 598285302 
 120226303 
 981103302 
 170375307 
 989585302 
 396816308 
 300506300 
 800026304 
 826306300 
 372256305 
 585392301 
 812336303 
 256016304 
 252733308 
 182630301 
 153216304 
 985116300 
 999803307 
 500456306 
 791316300 
 446103301 
 382046308 
 627316300 
 100113307 
 218490308 
 290633304 
 632440301 
 247216302 
 669716300 
 408026300 
 148113301 
 971213301 
 950433300 
 497433300 
 146726302 
 901316307 
 867253304 
 839923307 
 827443300 
 316716307 
 518026307 
 125490300 
 196636302 
 919290304 
 562423301 
 835463308 
 116463308 
 398533307 
 140923301 
 894690304 
 800146300 
 589690304 
 399026301 
 231736307 
 840953301 
 460290307 
 819031303 
 825196306 
 723556304 
 447201302 
 573693306 
 697958304 
 420553307 
 142936301 
 128786308 
 410763304 
 682401302 
 968646307 
 571356302 
 850456302 
 628256307 
 186587200 
 815896303 
 772373304 
 213756307 
 619107303 
 771566304 
 763766300 
 543311302 
 192107308 
 328257308 
 142373307 
 785476300 
 606904308 
 604787309 
 276109303 
 690169305 
 735621302 
 205066301 
 515476307 
 916066301 
 238883300 
 576848303 
 698686300 
 280627308 
 557927308 
 517593307 
 566547303 
 994983302 
 307409300 
 191748201 
 982151300 
 606987303 
 494077308 
 574697306 
 783077308 
 253107304 
 186697306 
 304976301 
 516687308 
 953897303 
 186296307 
 889068300 
 603996307 
 489696302 
 452497308 
 965610405 
 510596307 
 326921301 
 540197308 
 207510405 
 843408303 
 379808306 
 529847303 
 456297308 
 362908303 
 597769306 
 635659303 
 130969306 
 679007302 
 858169303 
 672107307 
 887686301 
 566279303 
 259686301 
 338579303 
 838837300 
 651886301 
 655189306 
 892118308 
 543986301 
 192407302 
 819337304 
 551089303 
 820637304 
 864678305 
 758209308 
 475109302 
 644414302 
 171477300 
 290647304 
 643117302 
 325599306 
 189887300 
 253200406 
 264828203 
 788327302 
 755587300 
 477367304 
 837696301 
 407337302 
 174189308 
 797699303 
 181500406 
 967927302 
 748887304 
 447500406 
 819500406 
 764489308 
 568337307 
 806489308 
 842797300 
 108107301 
 119500403 
 628551301 
 784700403 
 533200408 
 301900403 
 857667307 
 669607301 
 805077302 
 424208304 
 900277302 
 992308304 
 555510403 
 339518300 
 938210408 
 927887307 
 312710403 
 472079300 
 809297302 
 696888304 
 859497307 
 709779300 
 345429203 
 914597307 
 787347301 
 323929208 
 883978306 
 812997302 
 858467301 
 365127307 
 438008302 
 412189300 
 302589304 
 290108307 
 335828208 
 125277301 
 772208302 
 389638206 
 289899304 
 730087301 
 924689300 
 482659307 
 377578208 
 393118302 
 356769307 
 962497301 
 803679307 
 432297208 
 270879307 
 452108301 
 470168303 
 374879302 
 450428206 
 955979307 
 844689307 
 561659301 
 241418201 
 276258308 
 707289302 
 722789302 
 749869301 
 876800400 
 890900400 
 710549304 
 700799307 
 783799307 
 248429201 
 893899302 
 476899307 
 363658204 
 572439206 
 579579301 
 722219300 
 171100407 
 481027308 
 739939304 
 399600402 
 843700402 
 145789301 
 312668304 
 913468302 
 339378200 
 993899301 
 382418200 
 186468302 
 671457208 
 206729303 
 448328302 
 696939206 
 632018206 
 804958304 
 892609306 
 749068300 
 819609306 
 667429203 
 827229303 
 492839204 
 155709306 
 938888302 
 400698304 
 458789302 
 385178207 
 703987206 
 402639207 
 461259202 
 385738307 
 640259206 
 410658207 
 782387203 
 743857203 
 147027304 
 687758300 
 415439207 
 438018301 
 554587204 
 540988300 
 597158302 
 263609307 
 772109302 
 463428201 
 812209302 
 447787201 
 979868304 
 728598301 
 508549201 
 574058202 
 253518302 
 498528306 
 726287204 
 500609201 
 520012303 
 633109301 
 567968201 
 696578202 
 116538208 
 657968202 
 736018300 
 604939207 
 496724303 
 143209302 
 920034303 
 193978301 
 716717301 
 622829307 
 579419201 
 782359202 
 225549302 
 576709307 
 988561304 
 606639201 
 453698300 
 818239204 
 409039302 
 692059207 
 589858307 
 754108207 
 654042308 
 701108201 
 735469207 
 339012304 
 785429200 
 894408202 
 110754306 
 712812304 
 843848300 
 967912304 
 755059201 
 534728308 
 272422304 
 834188302 
 688368307 
 815229307 
 142588300 
 725212302 
 124819202 
 137888301 
 374059301 
 402691307 
 216684308 
 625222302 
 811422302 
 110005303 
 759222300 
 944022300 
 227005303 
 805112307 
 534009303 
 713122307 
 122894306 
 179802301 
 844639203 
 360422307 
 298932302 
 881434302 
 708768304 
 489698308 
 641724307 
 947449203 
 268832300 
 857429203 
 879698306 
 779932300 
 129932307 
 971748306 
 307884304 
 948464300 
 275832301 
 127677201 
 933984304 
 217844307 
 709227300 
 960832301 
 859399206 
 989239207 
 467588307 
 578094302 
 958138208 
 513105304 
 968584300 
 136794302 
 901694307 
 159558204 
 456579200 
 347229304 
 588245308 
 727947301 
 139858302 
 449908300 
 611342304 
 671898302 
 234229300 
 449858307 
 846569200 
 838817302 
 924442304 
 663719300 
 851669200 
 853728301 
 379945306 
 704984301 
 502279201 
 661589200 
 472342302 
 575952304 
 195392303 
 970748208 
 801428301 
 716952304 
 822735304 
 389625302 
 961208204 
 286552302 
 184392306 
 598392306 
 497110304 
 410555304 
 923752307 
 128255304 
 984392308 
 536542301 
 216392308 
 327410304 
 359025301 
 272835307 
 193630308 
 713045300 
 435320304 
 864578208 
 269345302 
 632165304 
 172245300 
 618345300 
 784845307 
 829535301 
 346440308 
 200416303 
 922295308 
 806392304 
 943910307 
 365455302 
 798085304 
 404655300 
 784655300 
 524216306 
 768406308 
 875343303 
 733865307 
 679306308 
 796455301 
 464772300 
 515092302 
 923516306 
 567192307 
 117192302 
 950065300 
 400765301 
 552292302 
 452092307 
 624275301 
 466030301 
 282392307 
 805092301 
 788406304 
 886236306 
 819506304 
 716875307 
 294275300 
 863840302 
 468875307 
 432040301 
 950140301 
 784392300 
 827016304 
 705695302 
 784053308 
 479206302 
 125340307 
 946316304 
 855406302 
 396440307 
 373603307 
 791585300 
 892423302 
 917333304 
 614326304 
 957216302 
 270690308 
 668695307 
 857703300 
 709506307 
 161066303 
 476201306 
 864236302 
 497316307 
 877316307 
 294356308 
 655053304 
 322616301 
 987363306 
 516616307 
 209333301 
 535490304 
 473801306 
 921146304 
 774756308 
 929956308 
 646126300 
 519146302 
 123446304 
 734636301 
 189209208 
 153826300 
 867786303 
 835383308 
 188886303 
 643146301 
 378521306 
 397490301 
 802501304 
 447356304 
 987593308 
 860383306 
 618790307 
 467201307 
 641566302 
 507936300 
 377593306 
 309473304 
 919156307 
 572356301 
 232456301 
 932476302 
 494904303 
 544476302 
 153476304 
 841646300 
 759283302 
 779897305 
 387646300 
 197328206 
 184229201 
 816621304 
 870211307 
 533309308 
 665627303 
 704793306 
 558976304 
 225456300 
 424904308 
 910456300 
 956131304 
 657783304 
 176769305 
 501656300 
 796283307 
 226647303 
 979609302 
 257866301 
 349956300 
 107221301 
 249267303 
 813509304 
 820996304 
 867476301 
 535314306 
 584473300 
 575031307 
 450793302 
 377648308 
 545687303 
 694296302 
 927704304 
 940647308 
 360904304 
 468086301 
 877500405 
 522627306 
 131904302 
 775697303 
 146748306 
 303686307 
 805983301 
 464308303 
 547786301 
 207018300 
 327367306 
 870807302 
 312659303 
 404783300 
 437169303 
 744397308 
 618496301 
 940579303 
 884077306 
 131231300 
 544209307 
 403847304 
 983748302 
 748686300 
 894337302 
 880318308 
 959979303 
 522887306 
 327467304 
 767089303 
 850358300 
 428467302 
 384697306 
 615196300 
 155869308 
 918767302 
 770087302 
 571497304 
 917598302 
 203969308 
 709488308 
 880427307 
 609893300 
 181200403 
 778308304 
 456769306 
 939108304 
 121659304 
 725257307 
 201987302 
 102898301 
 392489308 
 975969304 
 773397302 
 945289304 
 492889308 
 827367301 
 718467301 
 538789306 
 699899308 
 454610403 
 145200408 
 575589304 
 702908302 
 580300408 
 119300408 
 891987307 
 606314300 
 199868308 
 735987307 
 129497301 
 965600406 
 382699304 
 617897301 
 415108307 
 907189302 
 130700404 
 571408301 
 480408301 
 556998300 
 271748204 
 825589302 
 272659301 
 342900404 
 191010404 
 479068306 
 484588306 
 260310404 
 786769307 
 691599302 
 898310404 
 288308208 
 429488307 
 325799302 
 854579307 
 261710404 
 326089307 
 266979301 
 198999302 
 358589307 
 728987306 
 912389301 
 339300402 
 159489301 
 636789307 
 305098204 
 977687300 
 111789301 
 324469204 
 181699307 
 621209303 
 377987300 
 390618304 
 112200407 
 934917303 
 105600407 
 975318304 
 518497300 
 813909306 
 413538208 
 875797300 
 257900407 
 151528304 
 771318300 
 585909302 
 599258308 
 794008300 
 815378302 
 460249204 
 169808300 
 391710407 
 726609308 
 969847300 
 251027306 
 239067200 
 573988300 
 548067206 
 854509304 
 248328304 
 513719302 
 851809301 
 787528306 
 226979300 
 562748202 
 721988301 
 852219302 
 835589300 
 544058308 
 253848303 
 943309302 
 760999300 
 787278308 
 632089306 
 389428301 
 577819204 
 535378301 
 689039303 
 386538201 
 479997207 
 636968208 
 642787204 
 710558206 
 783638307 
 623449204 
 831468301 
 422067207 
 111089306 
 328258306 
 379858301 
 985058304 
 271119307 
 798510400 
 692112303 
 591729207 
 507709301 
 749858304 
 385568308 
 473958304 
 527408207 
 753309301 
 869488304 
 356188300 
 999528300 
 103058301 
 896329208 
 629748302 
 553787201 
 669049207 
 335978300 
 815639208 
 646757302 
 289609307 
 535709307 
 279502306 
 428478200 
 426012308 
 725229207 
 898028204 
 680177201 
 109729202 
 709012306 
 776858300 
 750638207 
 751949207 
 763122306 
 828598300 
 571709302 
 649122306 
 934449307 
 753729201 
 942322306 
 364868307 
 941112302 
 481334308 
 544369200 
 484449301 
 629848300 
 661651307 
 343824306 
 625229307 
 509039301 
 632588307 
 411968308 
 215947300 
 125134304 
 168434306 
 388971301 
 868832304 
 601932304 
 979558202 
 309318301 
 669929200 
 981947302 
 862112307 
 605988302 
 829439207 
 948609300 
 386354302 
 988478202 
 421112301 
 518339304 
 406022301 
 464774306 
 122829302 
 366757300 
 995429206 
 485634307 
 983824301 
 663229300 
 495984304 
 212988307 
 668544307 
 828428300 
 659984306 
 194534301 
 988739207 
 693278301 
 817844301 
 594105306 
 306278300 
 228888301 
 202209300 
 103624300 
 600034300 
 225242304 
 221315302 
 828334300 
 937578201 
 629752304 
 725542302 
 122135304 
 106769201 
 295452304 
 162894307 
 627599202 
 955329206 
 632794301 
 900005307 
 424564300 
 395105307 
 355035304 
 763105301 
 833135304 
 262898307 
 834368201 
 176110302 
 494952302 
 719194300 
 913562302 
 542538301 
 149242307 
 871884300 
 864392303 
 575392303 
 349669200 
 811285303 
 871345302 
 957059207 
 518794300 
 726545304 
 410410302 
 610210304 
 632300307 
 160549200 
 839965308 
 493165302 
 874415300 
 272219304 
 388982308 
 184899201 
 421765306 
 202875308 
 922175302 
 709392302 
 885392308 
 598030302 
 317392306 
 379126303 
 836378307 
 299085308 
 953310307 
 886625300 
 518010301 
 954772307 
 655485308 
 349875302 
 572455301 
 264203308 
 781340302 
 480135300 
 681809307 
 518435300 
 497175307 
 229103304 
 359365301 
 230320301 
 431392307 
 107406308 
 274392307 
 868169202 
 672095304 
 570965301 
 250706306 
 238010300 
 413230301 
 751295304 
 137516308 
 860055300 
 736295304 
 106392301 
 720506302 
 434113304 
 272606302 
 221085301 
 632616306 
 549923308 
 535585301 
 582026308 
 777016304 
 274540301 
 446126302 
 881729206 
 194326302 
 230026304 
 859882300 
 816018303 
 305490302 
 122833304 
 151695301 
 495392300 
 585876303 
 764053302 
 898992300 
 940306301 
 249816307 
 770353308 
 180416307 
 430485300 
 364970301 
 682231303 
 744240300 
 619585300 
 189916307 
 978453306 
 661936302 
 599546306 
 956703300 
 731803300 
 240390302 
 402243307 
 183301308 
 845301308 
 855453304 
 959790304 
 555516301 
 961646304 
 404353302 
 886401306 
 734356306 
 878197201 
 828206300 
 881437305 
 914953302 
 664046307 
 573866308 
 188533301 
 155301302 
 871549200 
 268463304 
 902356302 
 543701304 
 949687305 
 519556302 
 344276308 
 493037303 
 779116300 
 922543301 
 140119306 
 465333300 
 932483308 
 676636301 
 489976308 
 414433300 
 914366307 
 591797303 
 617786306 
 485079305 
 214479305 
 583280300 
 947976304 
 445709306 
 219886306 
 380969303 
 222079303 
 301001301 
 326501301 
 421786302 
 601579303 
 783579303 
 865156301 
 898731302 
 819489303 
 121589303 
 246210405 
 675271308 
 465789303 
 810596304 
 817610405 
 612889303 
 660211301 
 919996306 
 844793307 
 450473301 
 200549202 
 943104307 
 354711301 
 856607304 
 191729201 
 614407302 
 718607302 
 149858300 
 681483301 
 670727304 
 821904307 
 711314302 
 602066300 
 413610403 
 897483301 
 103267308 
 654031301 
 389757303 
 529327306 
 108648304 
 817783301 
 106077308 
 160324307 
 619337306 
 724587308 
 331627307 
 118547306 
 995967304 
 709308308 
 440467306 
 401267307 
 183967306 
 572529303 
 405476300 
 688097302 
 634177307 
 911659308 
 738068303 
 292497302 
 444759203 
 796208304 
 230657207 
 377741301 
 318787306 
 158308304 
 476969308 
 902887306 
 442197307 
 494383300 
 144608304 
 843987306 
 851397307 
 518197306 
 495289308 
 406817304 
 996717302 
 149169302 
 402879308 
 228847307 
 368847307 
 366089308 
 646897306 
 369251301 
 374108306 
 161889308 
 786879304 
 798899308 
 293289302 
 161908306 
 755407301 
 198783300 
 326169307 
 780659306 
 213589302 
 796289304 
 959414301 
 879978302 
 195589304 
 607709300 
 858010408 
 299779306 
 177089307 
 695289306 
 220300404 
 920968302 
 229899307 
 371396300 
 103610408 
 514500404 
 745409300 
 730900404 
 269329207 
 424747301 
 135599306 
 152567301 
 145999306 
 982207300 
 282757202 
 446229304 
 707028205 
 608210407 
 642477301 
 343757308 
 556958304 
 384407300 
 544110406 
 868697301 
 155707300 
 179210406 
 120728308 
 483828208 
 360788202 
 107510406 
 353169204 
 374314300 
 882728306 
 996888301 
 990628307 
 645549304 
 277869301 
 429349202 
 429839202 
 122219306 
 476578208 
 534149208 
 942538307 
 392329207 
 890679301 
 556267300 
 804468304 
 360729206 
 259267300 
 422009308 
 380949206 
 207867300 
 686089301 
 510429202 
 359177300 
 529589301 
 732059308 
 194789301 
 747188308 
 394729206 
 515858207 
 811899301 
 882209307 
 489529206 
 715058301 
 143597300 
 542839204 
 518349204 
 494408206 
 892588302 
 434222303 
 232008300 
 883800401 
 337208300 
 813809308 
 825709306 
 535698302 
 556858207 
 131998304 
 544018302 
 829019306 
 212728307 
 963809306 
 571079300 
 793678301 
 719898306 
 382267201 
 766257307 
 621308204 
 703538207 
 156339301 
 132318304 
 490258308 
 141089300 
 285729307 
 388429201 
 406089300 
 256948308 
 635429202 
 643689300 
 619018302 
 104468301 
 606868206 
 780188207 
 915549307 
 725947204 
 687239202 
 826229304 
 511599300 
 113699300 
 744609306 
 422999300 
 473528305 
 689698306 
 437888308 
 988058301 
 724008206 
 614449304 
 223800400 
 461848301 
 681428306 
 623908308 
 323710400 
 350628301 
 809387202 
 315947200 
 509561304 
 347967200 
 213909302 
 945681302 
 477449300 
 846112308 
 100639301 
 383061306 
 174502302 
 535039200 
 459802302 
 830957304 
 732588306 
 156112302 
 270509300 
 829229202 
 509932307 
 232538306 
 464991306 
 914468301 
 889932307 
 421848300 
 915502306 
 659388201 
 792034308 
 568077200 
 360012306 
 884908302 
 559832308 
 901648303 
 386378301 
 431588300 
 190312306 
 888732302 
 293978300 
 563042308 
 615122306 
 740949201 
 382227304 
 568127302 
 880988308 
 372722306 
 812648301 
 668208200 
 692947302 
 393468301 
 684339302 
 755271301 
 247474307 
 981932304 
 510932304 
 148888308 
 749825303 
 256909300 
 926487208 
 432829307 
 663184307 
 529227308 
 146369202 
 228127304 
 578009300 
 927035303 
 755978301 
 648094308 
 138429204 
 768094302 
 601651300 
 988378204 
 471694307 
 532528304 
 523105302 
 461122301 
 813738200 
 944578202 
 522588300 
 506418300 
 916967201 
 482788304 
 658609300 
 640958302 
 834478208 
 595729302 
 895832301 
 168667202 
 626094304 
 889534301 
 628058307 
 560042301 
 131108201 
 527109300 
 819122300 
 178567202 
 950458208 
 813422300 
 607422300 
 746324300 
 968734301 
 154847206 
 833757206 
 972489207 
 505105304 
 952797207 
 119432300 
 798488300 
 870925302 
 335384301 
 191199207 
 412434300 
 375392305 
 339127300 
 605092303 
 575679204 
 617392303 
 322389206 
 680135308 
 957952302 
 958799207 
 344200308 
 595489204 
 712984301 
 424952307 
 826145302 
 712574300 
 191552306 
 238245302 
 525884300 
 584445308 
 243145307 
 532105301 
 805510302 
 824045306 
 592005300 
 821055308 
 133506303 
 242205300 
 616955308 
 432123305 
 350555306 
 501165302 
 570305300 
 214110306 
 525958302 
 833538200 
 976410308 
 799482302 
 406655308 
 358410306 
 973855307 
 674242300 
 876452301 
 994092302 
 122772304 
 313130304 
 152252300 
 853720308 
 973997208 
 397599200 
 491965307 
 391035300 
 784275307 
 748630308 
 240068304 
 961078201 
 265392308 
 737392308 
 672630308 
 169600301 
 408392306 
 506392307 
 655392306 
 893545301 
 314892308 
 139875306 
 604092304 
 983203308 
 103445300 
 660040304 
 512095308 
 446655300 
 892065301 
 414113308 
 761465301 
 391095304 
 349306308 
 962606307 
 139306302 
 392113304 
 908175300 
 862097201 
 195275300 
 356623306 
 898706304 
 206392300 
 248085300 
 468216304 
 384126306 
 860140300 
 327285300 
 477126304 
 953533304 
 479495301 
 335490306 
 746633304 
 775833304 
 983380304 
 476936307 
 299936302 
 810146308 
 160693305 
 566490306 
 301004305 
 340606300 
 735253304 
 325301307 
 544001308 
 980446306 
 623263308 
 751216300 
 936356302 
 908316300 
 557156304 
 930356308 
 205729205 
 539556308 
 119756302 
 820763308 
 214149205 
 372373308 
 853801306 
 385566302 
 855673307 
 884429200 
 600736300 
 243866308 
 295663306 
 585636301 
 240987305 
 139956304 
 502283302 
 725366306 
 580976306 
 369008305 
 547731307 
 297521304 
 756876306 
 640976304 
 363308305 
 564359305 
 111746301 
 292796307 
 326609302 
 583007307 
 366769305 
 477958300 
 758953301 
 918786302 
 687869305 
 583793302 
 866609308 
 799309307 
 860121300 
 821893302 
 942879305 
 304096308 
 457117307 
 953693306 
 615189305 
 575998307 
 710389305 
 530509306 
 327410403 
 146551304 
 157496308 
 251904306 
 329337307 
 658886304 
 623563301 
 552107302 
 359599305 
 312296304 
 397476300 
 928000405 
 744283300 
 589000405 
 417117306 
 968887307 
 797287307 
 877314302 
 882417306 
 348949306 
 251804308 
 958110405 
 768110405 
 408327302 
 148997307 
 215638206 
 553208307 
 716551304 
 286408307 
 570067306 
 115804304 
 865383301 
 862686300 
 436267306 
 544177306 
 705307304 
 995659307 
 224058206 
 176109304 
 619177306 
 140779307 
 884478306 
 623058302 
 102324308 
 975131301 
 196986301 
 488987306 
 296867302 
 847297306 
 432196301 
 806697306 
 949986301 
 653689307 
 780998308 
 999377302 
 436889307 
 104037304 
 272699307 
 505904300 
 482999307 
 136999307 
 403707300 
 325314300 
 550600407 
 320058308 
 237747308 
 863210407 
 699169306 
 383967304 
 879308302 
 850848300 
 437687304 
 483517306 
 919467308 
 939579306 
 500787304 
 271579302 
 452428303 
 869017301 
 558089306 
 318648300 
 113679302 
 605497304 
 731797304 
 770417301 
 911879302 
 478228307 
 903267300 
 571787308 
 421789306 
 149089302 
 594467300 
 783889306 
 443757307 
 268789302 
 597687300 
 945697308 
 934367301 
 568428304 
 949599302 
 436899306 
 705799302 
 707999306 
 437078207 
 345200406 
 407869304 
 501728307 
 738947308 
 900968306 
 735979304 
 322700402 
 353118300 
 743609307 
 708900402 
 123779308 
 133197301 
 582698205 
 348210402 
 584879308 
 541249207 
 201969300 
 234229201 
 837789304 
 554189308 
 600999304 
 298819202 
 575409305 
 634389308 
 283699304 
 288269301 
 574400404 
 579138207 
 699869301 
 462588302 
 732800404 
 239789308 
 234969301 
 601238207 
 728579301 
 233989300 
 726679301 
 259899300 
 945549301 
 600699300 
 103200408 
 895300408 
 665449302 
 803489301 
 315400408 
 316468305 
 611800400 
 746800408 
 310699301 
 484699301 
 183310408 
 667510408 
 481929206 
 715610408 
 801999301 
 470488206 
 680297207 
 436929202 
 476000401 
 723739207 
 452329204 
 194229308 
 660310400 
 256300401 
 801310400 
 861698306 
 247729304 
 671600401 
 937610400 
 313268302 
 480469204 
 199258302 
 474609302 
 350139200 
 357429208 
 656119302 
 444297204 
 567819206 
 883327306 
 804188308 
 378648208 
 693817306 
 559759204 
 248039307 
 149819203 
 460939200 
 389897208 
 377478201 
 527958300 
 379929201 
 432018208 
 244127304 
 407269208 
 395308208 
 701628307 
 854869302 
 385478201 
 507197200 
 944981307 
 221588304 
 195267307 
 251327300 
 874902307 
 381709302 
 326058302 
 106378300 
 439867201 
 706839206 
 613959204 
 528902307 
 480767201 
 444369201 
 516149200 
 689929206 
 751728304 
 287422307 
 822209300 
 944658301 
 253209308 
 525277208 
 697567204 
 807528302 
 365948306 
 478551302 
 928998301 
 802510404 
 585308208 
 647348200 
 789061306 
 653419200 
 910829308 
 649348208 
 978349207 
 818978306 
 574939302 
 882548308 
 729502302 
 637409301 
 516457306 
 950729301 
 473998300 
 557322302 
 447257304 
 871898300 
 303309306 
 780112306 
 358648301 
 498888304 
 623122306 
 372588301 
 122422306 
 974449308 
 697339307 
 511349300 
 493528301 
 468609300 
 439732306 
 149558207 
 401932306 
 382184307 
 805268208 
 303939300 
 979959202 
 131012304 
 611081308 
 367042306 
 979912300 
 128422300 
 923929202 
 844564302 
 948732300 
 531227304 
 473724300 
 911112308 
 655844306 
 898732300 
 606354306 
 913569208 
 353105307 
 803122308 
 136947306 
 589122308 
 167484302 
 289434300 
 827334301 
 165058306 
 466634300 
 805134301 
 875584302 
 518635305 
 157554304 
 422127308 
 430744300 
 110794302 
 611994302 
 496027301 
 835947300 
 988318200 
 429844301 
 748284304 
 218769206 
 720917301 
 602105306 
 988194304 
 532574308 
 222829301 
 565484300 
 401289202 
 490327301 
 458242302 
 353684301 
 256257304 
 757484308 
 603625302 
 523984300 
 908194301 
 849269204 
 360694301 
 453005308 
 994542306 
 395952302 
 407389204 
 512489204 
 754428308 
 376452306 
 358462307 
 490555307 
 123698300 
 246452304 
 174457200 
 775625304 
 503535304 
 716300306 
 641300306 
 545299208 
 831642301 
 693542300 
 351716303 
 422135301 
 729345306 
 958199200 
 218452308 
 422910307 
 958459208 
 251555306 
 588130302 
 430635300 
 362292302 
 295392302 
 825092307 
 188392302 
 237192307 
 173400300 
 843630302 
 690965306 
 121500300 
 756165304 
 225210301 
 702182304 
 480545300 
 610440307 
 736275306 
 256865304 
 224030304 
 611065301 
 403845308 
 768195307 
 193610300 
 517392304 
 244392304 
 934255308 
 615092301 
 478355308 
 874392301 
 565240306 
 439975301 
 554165308 
 545385304 
 764465308 
 906840301 
 791175300 
 483116307 
 339858300 
 312765308 
 697216307 
 875638207 
 845440304 
 755616307 
 845075308 
 231175308 
 302213301 
 905775300 
 790613301 
 594392300 
 875392300 
 186616306 
 810816306 
 364392308 
 432406304 
 460660301 
 860003300 
 376416301 
 197116304 
 742733306 
 875748204 
 720790302 
 842516304 
 658936307 
 440816304 
 344253307 
 525490306 
 204556302 
 322123308 
 720356302 
 738356302 
 383236304 
 543790307 
 399453307 
 388306300 
 871498200 
 522336304 
 498590306 
 790536304 
 504553306 
 971719307 
 771990306 
 706990306 
 761936301 
 234190304 
 692316300 
 455463307 
 338533300 
 209253301 
 166126300 
 196329205 
 866711302 
 941226300 
 787216308 
 971990304 
 296043300 
 971336300 
 691037303 
 229776307 
 846616308 
 851716308 
 278056304 
 179056304 
 630936300 
 575963301 
 695583302 
 833556301 
 464383306 
 366126308 
 788433308 
 580231306 
 202887303 
 759953300 
 847631306 
 759336308 
 416446300 
 918609306 
 720709302 
 384373304 
 788046308 
 858886302 
 156711301 
 759401300 
 814501300 
 908579303 
 106693302 
 265676304 
 174453308 
 450258306 
 363363300 
 375289303 
 790007306 
 234967305 
 642309306 
 190627307 
 446801300 
 142009307 
 292607306 
 149097305 
 842107302 
 259397305 
 460256308 
 337473300 
 238473300 
 561709304 
 906356308 
 788196301 
 819017302 
 283118305 
 216039206 
 120659305 
 290988203 
 314993304 
 883497307 
 349347302 
 225007301 
 540704301 
 933969305 
 132566308 
 178847307 
 490027307 
 149007304 
 300659307 
 204107304 
 320097306 
 512767302 
 227579307 
 151579307 
 732607304 
 629779307 
 498786300 
 221879307 
 412314304 
 274476308 
 643879307 
 728886300 
 546687302 
 388308306 
 548769306 
 655589307 
 824797302 
 111897302 
 252729207 
 974347304 
 412789307 
 366747301 
 709889307 
 161300405 
 930359302 
 601847304 
 384089306 
 369300405 
 155409303 
 216783308 
 164659302 
 841698301 
 225689306 
 776169302 
 235999307 
 616800405 
 229769302 
 309900405 
 899431308 
 365400407 
 932889306 
 552110405 
 679868307 
 550679302 
 764700407 
 771087301 
 965687304 
 842010407 
 378679302 
 832200406 
 901414300 
 205600406 
 425397304 
 597886308 
 883089302 
 176310407 
 901197301 
 526196308 
 285269205 
 273859207 
 772108304 
 813710407 
 766828305 
 219337300 
 387328305 
 309429207 
 467696308 
 881918304 
 349899302 
 431408301 
 129007308 
 224899302 
 760879304 
 596879304 
 347300402 
 158367300 
 976200402 
 348700402 
 227188307 
 372369207 
 695014308 
 436769301 
 263729204 
 896339306 
 474689304 
 365277300 
 430469205 
 334879301 
 184699304 
 575289301 
 406449207 
 185097300 
 942217308 
 233197300 
 793468307 
 160789301 
 686600404 
 491427308 
 943989301 
 359368305 
 235799301 
 471067207 
 270648306 
 940210404 
 470999301 
 445828205 
 897837308 
 890210404 
 269209201 
 526648308 
 473839207 
 997598305 
 897997300 
 201698305 
 354678302 
 300449204 
 825400401 
 410208300 
 373518307 
 730808300 
 588109306 
 664808300 
 410868202 
 783588304 
 382009306 
 601528300 
 389887308 
 518869300 
 907847305 
 610898306 
 222549305 
 885588301 
 794517300 
 271679300 
 371809302 
 281089300 
 559878202 
 752089300 
 387268204 
 585597206 
 413168204 
 979889300 
 472529304 
 672439205 
 433909306 
 245658208 
 482519204 
 199769308 
 225938307 
 704887207 
 861728301 
 367600400 
 713958304 
 661029207 
 473578201 
 160979308 
 168228302 
 143089308 
 970848305 
 782409304 
 875289308 
 622109304 
 775159205 
 640588307 
 631469202 
 882748304 
 558258307 
 513710400 
 312588304 
 817828205 
 295138200 
 825058308 
 784718207 
 187112305 
 122009301 
 513588301 
 326639200 
 643819204 
 365739200 
 434869301 
 620998302 
 652678301 
 310658208 
 432318301 
 754219202 
 966658304 
 546648304 
 357269208 
 204428304 
 361469208 
 533238200 
 779049204 
 113958300 
 761469204 
 477598304 
 546429200 
 538378308 
 634658306 
 458739208 
 826824302 
 854957206 
 693468308 
 926018300 
 628958308 
 484868302 
 682308200 
 756058301 
 124639204 
 500658208 
 878012301 
 355948308 
 517729208 
 828819201 
 469488308 
 672635307 
 958757205 
 988869202 
 163518301 
 977997204 
 149798308 
 831034301 
 227934304 
 450728308 
 848055307 
 842168304 
 210968301 
 389258302 
 914728308 
 250774304 
 773184304 
 235389202 
 969439207 
 819429200 
 396765307 
 265884304 
 468552302 
 638378208 
 756874301 
 442309308 
 717179204 
 686538208 
 374075307 
 446145302 
 687929208 
 328230305 
 241505304 
 636310302 
 732578208 
 785208208 
 644449308 
 930728308 
 155903305 
 296671308 
 133259200 
 127644300 
 397406307 
 515613305 
 238825301 
 723199204 
 806925301 
 998902308 
 497192302 
 395516305 
 317285302 
 655842300 
 276490307 
 968055301 
 493113302 
 352065304 
 583435300 
 558935300 
 552075301 
 914320304 
 450075304 
 475392304 
 918292301 
 494392301 
 863469201 
 404103301 
 767910300 
 398065300 
 866659303 
 871543302 
 669903304 
 260275300 
 304505308 
 813123304 
 147146302 
 425695301 
 355586306 
 725515308 
 150816304 
 255686305 
 531968303 
 259986305 
 513793307 
 920107307 
 373219203 
 798411302 
 585925308 
 106146301 
 570707307 
 613253301 
 962690301 
 154406300 
 746952308 
 775476302 
 587706300 
 962863304 
 144756301 
 613467307 
 728356304 
 135108306 
 851477307 
 737077305 
 550097307 
 935126300 
 143026300 
 267397305 
 235659307 
 973917305 
 552879306 
 258031301 
 643510308 
 206059305 
 671589307 
 187283304 
 117314302 
 435659305 
 741728307 
 565772308 
 629488305 
 804196301 
 120579305 
 611998303 
 298500406 
 402131304 
 390310407 
 678468307 
 456586304 
 420801300 
 125549303 
 252018205 
 324096304 
 128496304 
 405711300 
 132197302 
 490857307 
 405529207 
 791275308 
 779000405 
 406392308 
 366031300 
 692018302 
 258058304 
 986900405 
 453089302 
 574000402 
 389068305 
 305678302 
 796667301 
 594898306 
 902600402 
 471898304 
 941207300 
 277987301 
 936939305 
 745610402 
 174610402 
 684229305 
 353707300 
 788429207 
 416314300 
 349649202 
 485608301 
 512659301 
 890269301 
 159216308 
 605687300 
 427598305 
 787067206 
 681848305 
 180589301 
 995097300 
 504258302 
 281697300 
 715679304 
 421999301 
 837798305 
 595978305 
 248979304 
 703700401 
 869210401 
 671538205 
 331389304 
 675289300 
 146789300 
 833210404 
 383219201 
 715429205 
 699799300 
 946600400 
 959271305 
 494457302 
 461958308 
 498729300 
 488947201 
 785902305 
 468288204 
 325569200 
 795309301 
 942321308 
 872109301 
 369112305 
 601483308 
 550449201 
 553259201 
 862709300 
 351686308 
 573538204 
 599318300 
 504739301 
 504324302 
 591196308 
 649019304 
 835709304 
 115518300 
 335314308 
 147798300 
 653659201 
 558609301 
 684042302 
 920887205 
 540437308 
 334898301 
 697239200 
 677971301 
 108639204 
 486509300 
 597554302 
 639227305 
 660391301 
 876691304 
 303574305 
 864449301 
 329518302 
 948802301 
 804659308 
 864969308 
 831567201 
 195969308 
 499312304 
 702119306 
 566979308 
 790389308 
 187042304 
 269899308 
 502734304 
 970534301 
 258349208 
 167342302 
 540422300 
 979242302 
 317998300 
 359210408 
 977310408 
 922825302 
 316429208 
 322829300 
 618978308 
 167035302 
 388194300 
 847484300 
 764194304 
 365339308 
 318728300 
 497705301 
 475075305 
 194105300 
 782243307 
 362040305 
 276257300 
 148949308 
 849679204 
 179558200 
 335958302 
 530389204 
 157342304 
 655867208 
 739299204 
 607828308 
 980209308 
 560325300 
 753799204 
 751948308 
 609345301 
 515775302 
 628462301 
 446975302 
 104435300 
 318930302 
 834645301 
 462666306 
 523562304 
 114638208 
 971585302 
 913445300 
 758488308 
 472772300 
 974968208 
 802809301 
 495077307 
 716075304 
 427382304 
 392687307 
 110801305 
 756234308 
 373965300 
 846982304 
 336316302 
 396882300 
 771066305 
 456108307 
 490574308 
 355208307 
 766292304 
 313575300 
 533711305 
 496058306 
 473295301 
 959013301 
 320879307 
 597576305 
 377303300 
 635521305 
 699868303 
 198789307 
 832889307 
 213417306 
 786709303 
 290627306 
 903383305 
 267429207 
 128976305 
 802936302 
 661116301 
 346613300 
 774146302 
 608700407 
 514477306 
 441690302 
 984325308 
 444597306 
 428556302 
 429453301 
 596663302 
 317026300 
 281893305 
 806659306 
 332849207 
 882969306 
 982363301 
 887145308 
 767773302 
 485899306 
 698545308 
 916600406 
 834711301 
 637255308 
 703939306 
 147383301 
 398378307 
 997367305 
 551119308 
 503177305 
 625283304 
 916486301 
 915876304 
 434192308 
 269586301 
 169317302 
 742078207 
 565709300 
 231628306 
 348686304 
 926748302 
 909840308 
 749947305 
 599158300 
 781396304 
 119337301 
 629049206 
 245787205 
 261588305 
 942993304 
 325689305 
 468887302 
 137589305 
 256316308 
 181367301 
 353200405 
 778687301 
 759200405 
 768297301 
 633300405 
 303679302 
 124648304 
 871936308 
 767610405 
 609779301 
 899208300 
 979887304 
 465046308 
 872787304 
 253208300 
 629700402 
 443790308 
 800679300 
 422989301 
 528310402 
 416600401 
 714689304 
 469900401 
 427188305 
 288689300 
 286589304 
 463556308 
 261699300 
 295048201 
 715278305 
 859200404 
 347909301 
 428000400 
 546873308 
 419010400 
 858410400 
 896318300 
 453839201 
 705468304 
 575428305 
 197528300 
 325529204 
 863227302 
 495858201 
 924586308 
 516078201 
 328686308 
 435429204 
 207908302 
 620068304 
 599638202 
 883059305 
 621229202 
 924339302 
 569908304 
 688157205 
 930158308 
 182309302 
 503998304 
 513229302 
 530469204 
 671219301 
 327314308 
 743848301 
 669858300 
 478647308 
 432468304 
 358109304 
 879697308 
 836797308 
 945008308 
 675389308 
 993099308 
 617600408 
 189039308 
 310728308 
 112709308 
 113898308 
 674639208 
