04740040022
04740060702
04740063564
04740063822
04740064586
04740064702
04740064790
04740065361
04740067139
04740067779
04740200232
04740200392
04740200413
04740200443
04740200479
04740200523
04740200549
04740200593
04740200621
04740200729
04740200754
04740200776
04740200801
04740200857
04740200867
04740200898
04740200916
04740201010
04740201011
04740201110
04740201126
04740201136
04740201169
04740201318
04740201327
04740201489
04740201536
04740201539
04740201540
04740201548
04740201560
04740201636
04740201638
04740201641
04740201712
04740201754
04740201776
04740201817
04740201820
04740201836
04740201861
04740201867
04740201982
04740201985
04740202032
04740202108
04740202113
04740202197
04740202317
04740202318
04740202356
04740202377
04740202436
04740202587
04740202599
04740202641
04740202676
04740202707
04740202763
04740202773
04740202790
04740202839
04740202849
04740202869
04740203030
04740203043
04740203087
04740203149
04740203153
04740203157
04740203181
04740203247
04740203290
04740203302
04740203325
04740203462
04740203465
04740203479
04740203543
04740203609
04740203697
04740203768
04740203777
04740203798
04740203823
04740203908
04740203974
04740203978
04740204113
04740204254
04740204287
04740204292
04740204327
04740204328
04740204331
04740204438
04740204477
04740204563
04740204571
04740204597
04740204613
04740204679
04740204720
04740204759
04740204792
04740204856
04740204857
04740204923
04740209452
04740210050
04740210060
04740210078
04740210118
04740210170
04740210370
04740210428
04740210668
04740210689
04740210712
04740210820
04740210872
04740210910
04740211029
04740211030
04740211097
04740211132
04740211157
04740211254
04740211343
04740211406
04740211424
04740211454
04740211497
04740211535
04740211594
04740211630
04740211656
04740211667
04740211705
04740211729
04740211830
04740211853
04740211889
04740211953
04740212021
04740212047
04740212109
04740212263
04740212317
04740212411
04740212450
04740212459
04740212471
04740212694
04740212704
04740212711
04740212882
04740213167
04740213231
04740213371
04740213567
04740213604
04740214043
04740214178
04740214468
04740214526
04740214640
04740214847
04740214851
04740214894
04740215025
04740215131
04740215164
04740215653
04740215681
04740215852
04740215931
04740215972
04740215997
04740216086
04740216152
04740216183
04740216291
04740216363
04740216427
04740216759
04740216962
04740216986
04740217371
04740217388
04740217397
04740217455
04740217503
04740217616
04740217678
04740217760
04740217941
04740217945
04740218082
04740218139
04740218260
04740218268
04740218391
04740218706
04740218725
04740218907
04740218908
04740218964
04740219135
04740219140
04740219159
04740219178
04740219185
04740219406
04740219414
04740219462
04740219481
04740219713
04740219744
04740219779
04740219832
04740219917
04740219918
04740219949
04740220070
04740220115
04740220220
04740220250
04740220361
04740220466
04740220501
04740220509
04740220576
04740220612
04740220786
04740220860
04740220924
04740220974
04740221027
04740221033
04740221061
04740221104
04740221122
04740221292
04740221421
04740221447
04740221602
04740221665
04740221700
04740221785
04740221787
04740221908
04740221967
04740222043
04740222139
04740222218
04740222267
04740222344
04740222347
04740222446
04740222473
04740222505
04740222764
04740222816
04740222834
04740222889
04740222920
04740223107
04740223129
04740223184
04740223225
04740223295
04740223296
04740223312
04740223322
04740223351
04740223867
04740223922
04740224021
04740224121
04740224217
04740224333
04740224377
04740224380
04740224512
04740224607
04740224670
04740224688
04740224707
04740224747
04740224833
04740225250
04740225275
04740225381
04740225409
04740225587
04740225591
04740225701
04740225717
04740225718
04740226041
04740226042
04740226106
04740226128
04740226223
04740226352
04740226457
04740226827
04740227037
04740227155
04740227295
04740227326
04740227378
04740227388
04740227409
04740227448
04740227460
04740227510
04740227565
04740227802
04740228078
04740228087
04740228209
04740228359
04740228405
04740228439
04740228558
04740228579
04740228652
04740228691
04740228821
04740228834
04740228848
04740228956
04740230069
04740230147
04740230281
04740230390
04740230501
04740230604
04740230615
04740230630
04740230633
04740230645
04740230697
04740230700
04740230761
04740230787
04740230832
04740230928
04740231004
04740231087
04740231181
04740231259
04740231326
04740231373
04740231421
04740231496
04740231606
04740231638
04740231646
04740231849
04740232010
04740232084
04740232107
04740232225
04740232241
04740232246
04740232270
04740232273
04740232293
04740232325
04740232334
04740232358
04740232372
04740232390
04740232525
04740232568
04740232578
04740232617
04740232652
04740232656
04740232666
04740232678
04740232697
04740232927
04740233202
04740233237
04740233271
04740233317
04740233350
04740233367
04740233379
04740233434
04740233478
04740233484
04740233498
04740233587
04740233664
04740233683
04740233886
04740234106
04740234137
04740234231
04740234265
04740234317
04740234354
04740234381
04740234577
04740234606
04740234626
04740234661
04740234706
04740234833
04740234883
04740234884
04740234920
04740234922
04740234941
04740234971
04740234990
04740235016
04740235024
04740235044
04740235073
04740235178
04740235208
04740235231
04740235254
04740235261
04740235305
04740235334
04740235438
04740235502
04740235573
04740235632
04740235939
04740235946
04740236000
04740236056
04740236128
04740236166
04740236188
04740236289
04740236368
04740236374
04740236437
04740236471
04740236495
04740236504
04740236514
04740236571
04740236738
04740236744
04740236775
04740236872
04740236874
04740236940
04740236989
04740237119
04740237130
04740237149
04740237258
04740237301
04740237400
04740237565
04740237619
04740237626
04740237690
04740237713
04740237715
04740237719
04740237731
04740237752
04740237793
04740237915
04740237939
04740237940
04740237977
04740237988
04740238063
04740238080
04740238085
04740238134
04740238137
04740238182
04740238204
04740238230
04740238266
04740238299
04740238336
04740238490
04740238718
04740238799
04740238831
04740238840
04740238841
04740238842
04740238871
04740238941
04740238955
04740238970
04740239009
04740239064
04740239084
04740239090
04740239102
04740239133
04740239186
04740239272
04740239275
04740239362
04740239457
04740239464
04740239477
04740239484
04740239543
04740239583
04740239584
04740239695
04740239698
04740239798
04740239822
04740239904
04740239949
04740239979
04740239980
04740239990
04740240028
04740240030
04740240094
04740240114
04740240126
04740240147
04740240451
04740240557
04740240600
04740240611
04740240699
04740240702
04740240706
04740240772
04740240796
04740240811
04740240817
04740240842
04740240849
04740240905
04740240931
04740241016
04740241038
04740241065
04740241174
04740241190
04740241216
04740241234
04740241286
04740241323
04740241541
04740241551
04740241562
04740241564
04740241611
04740241698
04740241754
04740241780
04740241810
04740241932
04740241949
04740241951
04740241978
04740242016
04740242020
04740242061
04740242191
04740242212
04740242271
04740242272
04740242313
04740242321
04740242434
04740242472
04740242579
04740242600
04740242773
04740242836
04740242866
04740242937
04740242955
04740243070
04740243110
04740243189
04740243246
04740243340
04740243509
04740243584
04740243599
04740243627
04740243656
04740243703
04740243808
04740243835
04740244006
04740244017
04740244131
04740244154
04740244259
04740244272
04740244274
04740244296
04740244316
04740244322
04740244391
04740244450
04740244462
04740244464
04740244506
04740244548
04740244608
04740244616
04740244622
04740244630
04740244637
04740244692
04740244849
04740244885
04740244957
04740244968
04740245031
04740245044
04740245160
04740245271
04740245373
04740245383
04740245385
04740245432
04740245532
04740245678
04740245686
04740245705
04740245835
04740245859
04740245875
04740245960
04740246009
04740246032
04740246072
04740246146
04740246158
04740246255
04740246313
04740246592
04740247060
04740247137
04740247197
04740247275
04740247358
04740247412
04740247417
04740247448
04740247592
04740247680
04740247945
04740247994
04740248415
04740248565
04740248566
04740248862
04740248920
04740248922
04740249209
04740249295
04740249546
04740249575
04740249694
04740249720
04740249733
04740249744
04740249798
04740249820
04740249831
04740249842
04740249925
04740249963
04740280041
04740280219
04740280227
04740280377
04740280412
04740280430
04740280543
04740280566
04740280595
04740280603
04740280669
04740280846
04740280892
04740280996
04740280998
04740281205
04740281259
04740281283
04740281392
04740281419
04740281451
04740281698
04740281909
04740281924
04740281942
04740281950
04740281968
04740282010
04740282019
04740282045
04740283003
04740283018
04740283055
04740283103
04740283105
04740283160
04740283179
04740283223
04740283245
04740283256
04740283279
04740283308
04740283333
04740283387
04740283390
04740283479
04740283485
04740283513
04740283562
04740283575
04740283609
04740283663
04740283698
04740283778
04740283832
04740283860
04740283876
04740283898
04740283906
04740283989
04740284000
04740284050
04740284052
04740284059
04740284108
04740284113
04740284123
04740284271
04740284275
04740284354
04740284357
04740284369
04740284394
04740284428
04740284436
04740284450
04740284460
04740284462
04740284467
04740284469
04740284483
04740284490
04740284511
04740284558
04740284577
04740284604
04740284605
04740284651
04740284654
04740284687
04740284711
04740284758
04740284759
04740284760
04740284876
04740284880
04740284889
04740284947
04740284971
04740285012
04740285031
04740285055
04740285064
04740285080
04740285091
04740285128
04740285184
04740285291
04740285325
04740285371
04740285424
04740285425
04740285493
04740285719
04740285747
04740285761
04740285769
04740285787
04740285809
04740285829
04740285903
04740286029
04740286050
04740286125
04740286129
04740286135
04740286145
04740286165
04740286198
04740286199
04740286262
04740286291
04740286316
04740286450
04740286465
04740286480
04740286537
04740286574
04740286600
04740286612
04740286631
04740286632
04740286640
04740286656
04740286683
04740286697
04740286742
04740286786
04740286818
04740286880
04740286884
04740286977
04740287041
04740287047
04740287100
04740287112
04740287122
04740287176
04740287226
04740287280
04740287367
04740287385
04740287390
04740287437
04740287476
04740287489
04740287500
04740287503
04740287579
04740287614
04740287641
04740287664
04740287669
04740287687
04740287711
04740287722
04740287741
04740287794
04740287821
04740287848
04740287865
04740287867
04740287885
04740288001
04740288007
04740288059
04740288122
04740288178
04740288216
04740288232
04740288233
04740288238
04740288239
04740288252
04740288266
04740288278
04740288300
04740288340
04740288381
04740288447
04740288511
04740288522
04740288576
04740288586
04740288623
04740288706
04740288708
04740288730
04740288792
04740288798
04740288827
04740288843
04740288893
04740288898
04740289003
04740289151
04740289172
04740289222
04740289267
04740289370
04740289380
04740289444
04740289497
04740289540
04740289633
04740289750
04740289755
04740289790
04740289795
04740289891
04740289956
04740289974
04740290006
04740290008
04740290020
04740290067
04740290078
04740290100
04740290105
04740290127
04740290153
04740290160
04740290168
04740290205
04740290262
04740290290
04740290401
04740290484
04740290499
04740290515
04740290561
04740290585
04740290594
04740290611
04740290612
04740290639
04740290644
04740290702
04740290760
04740290777
04740290869
04740290888
04740290901
04740290944
04740290965
04740291032
04740291042
04740291056
04740291101
04740291106
04740291133
04740291155
04740291388
04740291414
04740291440
04740291462
04740291489
04740291821
04740291864
04740291867
04740291909
04740291937
04740292004
04740292080
04740292093
04740292103
04740292141
04740292280
04740292309
04740292329
04740292567
04740292828
04740292835
04740292890
04740292930
04740293004
04740293009
04740293033
04740293051
04740293098
04740293112
04740293132
04740293225
04740293322
04740293416
04740293476
04740293560
04740293584
04740293590
04740293600
04740293633
04740293668
04740293746
04740293754
04740293891
04740293923
04740293939
04740293989
04740294069
04740294120
04740294127
04740294131
04740294140
04740294142
04740294188
04740294200
04740294208
04740294242
04740294342
04740294378
04740294483
04740294524
04740294557
04740294594
04740294608
04740294614
04740294626
04740294759
04740294802
04740294806
04740294818
04740295262
04740295389
04740295455
04740295504
04740295505
04740295526
04740295547
04740295560
04740295561
04740295599
04740295629
04740295702
04740295865
04740295866
04740295888
04740295945
04740295953
04740295960
04740296025
04740296083
04740296085
04740296117
04740296134
04740296138
04740296151
04740296156
04740296194
04740296233
04740296239
04740296263
04740296323
04740296348
04740296351
04740296435
04740296474
04740296490
04740296543
04740296544
04740296578
04740296710
04740296740
04740296866
04740296875
04740296882
04740296902
04740296909
04740296910
04740462327
04740467202
04740470264
04740476046
04740479970
04740486224
04740486513
04740489579
04740491849
04740493605
04740840666
04740840895
04740843119
04740843583
04740844207
04740846488
04740848526
04740853601
04740854141
04740855626
04740856670
04740857729
04740857755
04740857917
04740858212
04740858255
04740870234
04740874450
04740875872
04741034725
04741037766
04741041506
04741044745
04741100567
04741100647
04741102222
04741144447
04741200245
04741200439
04741202414
04741203757
04741205539
04741206386
04741207530
04741207685
04741209021
04741213408
04741213937
04741215525
04741216076
04741216208
04741216395
04741219823
04741219864
04741223903
04741226568
04741230030
04741230910
04741233851
04741235199
04741235772
04741242559
04741248273
04741248950
04741253114
04741255025
04741267542
04741268549
04741270046
04741272208
04741272583
04741274509
04741278914
04741280087
04741280917
04741285859
04741290664
04741294191
04741300953
04741301303
04741302262
04741303464
04741306189
04741310911
04741313189
04741313800
04741315703
04741318995
04741324311
04741328959
04741329240
04741329527
04741330089
04741331501
04741334682
04741334995
04741335383
04741335529
04741336606
04741336679
04741337852
04741406554
04741406601
04741417405
04741422395
04741424371
04741426944
04741429659
04741433491
04741441088
04741460203
04741464626
04741468469
04741469529
04741471271
04741472695
04741501673
04741503559
04741503596
04741509683
04741510817
04741511443
04741513749
04741514412
04741516663
04741516681
04741526207
04741546772
04741547965
04741554983
04741558481
04741562682
04741568012
04741568280
04741569933
04741573314
04741578819
04741603725
04741605921
04741609658
04741613136
04741616336
04741617545
04741617758
04741621361
04741621874
04741623095
04741624942
04741625056
04741634625
04741635352
04741641776
04741644022
04741645091
04741645806
04741648393
04741652204
04741652954
04741666064
04741667477
04741674058
04741680224
04741681702
04741687329
04741689451
04741690433
04741691897
04741692192
04741693139
04741693410
04741699510
04741800450
04741800842
04741802049
04741802159
04741802739
04741803094
04741803166
04741803711
04741804550
04741804896
04741805033
04741806172
04741806202
04741806483
04741806699
04741806724
04741806911
04741806949
04741806954
04741806960
04741807032
04741807141
04741807199
04741807292
04741807387
04741807892
04741808065
04741808152
04741808442
04741808460
04741808567
04741808674
04741808830
04741809000
04741809029
04741809058
04741809090
04741809174
04741809305
04741809392
04741809963
04741809992
04741822296
04741822371
04741822404
04741850088
04741901020
04741901070
04741901071
04741901363
04741901384
04741901574
04741901622
04741901707
04741901748
04741901834
04741901987
04741902420
04741902473
04741902700
04741903174
04741903203
04741903353
04741903543
04741903552
04741903571
04741903585
04741903619
04741903661
04741903722
04741904059
04741904065
04741904069
04741904070
04741904172
04741904181
04741904196
04741904277
04741904330
04741904455
04741904483
04741904613
04741904626
04741904751
04741904911
04741905190
04741905327
04741905692
04741905697
04741906001
04741906046
04741906273
04741906305
04741906322
04741906436
04741906573
04741906606
04741906619
04741906631
04741906748
04741907210
04741907482
04741907591
04741907713
04741907827
04741907920
04741908144
04741908366
04741908393
04741908493
04741908526
04741909596
04741909679
04741909822
04741915033
04741915040
04741915264
04741915344
04741915356
04741915380
04741915422
04741915426
04741915535
04741915561
04741916073
04741917031
04741917349
04741917497
04741919700
04741920008
04741920067
04741920178
04741920368
04741920377
04741920422
04741920510
04741920865
04741920878
04741920942
04741920947
04741920997
04741921176
04741921411
04741921607
04741921873
04741921910
04741921950
04741922436
04741922458
04741922733
04741922770
04741922969
04741922988
04741923022
04741923237
04741923378
04741923379
04741924410
04741924550
04741924872
04741925161
04741925870
04741925949
04741926077
04741926134
04741926360
04741926503
04741926539
04741926550
04741926567
04741926652
04741926752
04741926894
04741927008
04741927252
04741927260
04741927345
04741927490
04741927620
04741927672
04741927750
04741928007
04741928008
04741928060
04741928367
04741928633
04741928741
04741929018
04741929271
04741929322
04741929425
04741929496
04741929937
04741930012
04741930130
04741930151
04741930269
04741930706
04741930868
04741931296
04741932032
04741932170
04741932184
04741932391
04741932619
04741932812
04741932857
04741932905
04741933011
04741933014
04741933096
04741933129
04741933702
04741933821
04741933920
04741934250
04741934300
04741934628
04741934664
04741934672
04741935044
04741935289
04741935919
04741936536
04745001820
04745002005
04745003730
04745003857
04745007232
04745007821
04745010007
04745010086
04745010107
04745010203
04745010258
04745010357
04745010381
04745010425
04745010481
04745010500
04745010590
04745010614
04745010642
04745010697
04745010725
04745010728
04745010747
04745010756
04745010810
04745010820
04745010834
04745010840
04745010852
04745010858
04745010911
04745010919
04745010969
04745010988
04745011022
04745011055
04745011062
04745011063
04745012222
04745012260
04745012269
04745012279
04745012316
04745012338
04745012340
04745012363
04745012385
04745012399
04745012411
04745012422
04745012439
04745012451
04745012480
04745012496
04745012539
04745012567
04745012648
04745012662
04745012668
04745012744
04745012922
04745012923
04745012963
04745012979
04745012993
04745013016
04745013053
04745013062
04745013083
04745013106
04745013108
04745013174
04745013179
04745013212
04745013219
04745013335
04745013348
04745013357
04745013426
04745013467
04745013468
04745013479
04745013500
04745013655
04745013884
04745013982
04745014074
04745014093
04745014101
04745014144
04745014213
04745014241
04745014264
04745014269
04745014278
04745014287
04745014300
04745014333
04745014365
04745014370
04745014414
04745014430
04745014437
04745014446
04745014480
04745014554
04745014762
04745014779
04745014782
04745014805
04745014864
04745014884
04745014929
04745020101
04745020132
04745020328
04745020338
04745020490
04745020768
04745020810
04745020961
04745021008
04745021495
04745021502
04745021550
04745021569
04745021572
04745021891
04745021964
04745022058
04745022127
04745022313
04745022687
04745022720
04745022736
04745022752
04745022869
04745023052
04745023113
04745023125
04745023136
04745023138
04745023378
04745023451
04745024064
04745024653
04745024837
04745024945
04745025103
04745025141
04745025290
04745025334
04745025549
04745025771
04745025861
04745027013
04745027203
04745027243
04745027330
04745027452
04745027511
04745027696
04745027724
04745027753
04745027801
04745027847
04745027897
04745027923
04745028642
04745030240
04745030347
04745030468
04745030545
04745030675
04745030728
04745030754
04745030905
04745030924
04745030935
04745030956
04745031080
04745031359
04745032466
04745032524
04745032679
04745032691
04745032727
04745032729
04745032892
04745032985
04745033026
04745033096
04745033200
04745033367
04745033480
04745033751
04745033845
04745033893
04745034013
04745034052
04745034080
04745034166
04745034171
04745034302
04745034341
04745034440
04745034499
04745034502
04745034828
04745034838
04745035023
04745035185
04745035361
04745035399
04745035435
04745035538
04745035544
04745035554
04745035935
04745035965
04745035997
04745036006
04745036493
04745036699
04745036713
04745036754
04745036824
04745036941
04745037019
04745037118
04745037164
04745037172
04745037323
04745037451
04745037795
04745037825
04745038149
04745038801
04745038969
04745038984
04745039216
04745039317
04745039630
04745039788
04745039794
04745043050
04745043055
04745043202
04745043386
04745043425
04745043570
04745043612
04745043771
04745043773
04745043822
04745043824
04745043904
04745044024
04745044030
04745044060
04745044145
04745044471
04745044559
04745044576
04745044655
04745044825
04745044888
04745044912
04745044952
04745046361
04745046601
04745046773
04745046786
04745046801
04745046920
04745047292
04745048078
04745048112
04745048113
04745048118
04745048161
04745048180
04745048243
04745048256
04745048330
04745048340
04745048364
04745048398
04745048501
04745048519
04745048630
04745048636
04745048675
04745048701
04745048738
04745048750
04745048755
04745048791
04745048806
04745048807
04745048878
04745048881
04745048894
04745048905
04745048928
04745048936
04745048947
04745048953
04745049035
04745049042
04745049047
04745049049
04745049052
04745049079
04745049093
04745049119
04745049130
04745049141
04745049143
04745049150
04745049152
04745049168
04745049170
04745049203
04745049255
04745049273
04745049310
04745049323
04745049353
04745049361
04745049371
04745049380
04745049419
04745049422
04745049424
04745049425
04745049428
04745049456
04745049471
04745049472
04745049537
04745049608
04745049687
04745049721
04745049767
04745049796
04745049798
04745049800
04745049809
04745049810
04745049834
04745049852
04745049856
04745049864
04745049870
04745049873
04745049877
04745049889
04745049909
04745049973
04745050017
04745050019
04745050065
04745050545
04745050590
04745066794
04745077212
04745094731
04745094755
04745094872
04745095039
04745095124
04745095125
04745095138
04745095163
04745095284
04745205407
04745217723
04745218871
04745220581
04745221442
04745222399
04745225174
04745231417
04745238393
04745241573
04745246997
04745264459
04745270528
04745271960
04745274180
04745276220
04745277674
04745279577
04745280396
04745280451
04745281838
04745289974
04745297112
04745414597
04745416058
04745422195
04745422856
04745429971
04745436469
04745437997
04745446582
04745446979
04745453511
04745458640
04745466390
04745469946
04745474550
04745475017
04745603054
04745604056
04745606939
04745610365
04745614463
04745614719
04745617807
04745619117
04745661554
04745661908
04745868684
04745890516
04747010066
04747010143
04747010240
04747010356
04747010370
04747010478
04747010483
04747010818
04747011021
04747011049
04747011074
04747011219
04747011220
04747011288
04747011320
04747011367
04747011380
04747011621
04747011624
04747011636
04747011679
04747011803
04747011852
04747011876
04747011974
04747012066
04747012073
04747012075
04747012201
04747012560
04747012629
04747012729
04747012779
04747013527
04747013640
04747013656
04747013707
04747013742
04747014020
04747014021
04747014095
04747014373
04747014380
04747014688
04747014796
04747014819
04747015202
04747015449
04747015732
04747015765
04747015794
04747015804
04747015811
04747015824
04747015940
04747016058
04747016408
04747016521
04747016760
04747017154
04747017251
04747017259
04747017548
04747017603
04747017635
04747017674
04747017682
04747017701
04747017704
04747017710
04747017781
04747017808
04747017877
04747017914
04747018189
04747018200
04747018268
04747018281
04747018282
04747018483
04747018691
04747018765
04747019049
04747019076
04747019091
04747019123
04747019136
04747019161
04747019176
04747019179
04747019211
04747019374
04747019450
04747019681
04747020178
04747020235
04747020433
04747020494
04747020542
04747020594
04747020793
04747020834
04747020852
04747021577
04747021957
04747022299
04747022353
04747022489
04747022494
04747022563
04747022644
04747022687
04747022835
04747023025
04747023036
04747023054
04747023141
04747023417
04747023548
04747023593
04747023607
04747023634
04747023646
04747023723
04747023912
04747023913
04747024106
04747024458
04747024567
04747024568
04747024592
04747024707
04747024820
04747024888
04747024943
04747025320
04747025507
04747025516
04747025966
04747026024
04747026267
04747026289
04747026344
04747026362
04747026457
04747026527
04747026949
04747026982
04747027035
04747027122
04747027618
04747027702
04747027740
04747027862
04747028019
04747028075
04747028152
04747028171
04747028436
04747028536
04747028542
04747028553
04747028606
04747028742
04747029009
04747029036
04747029285
04747029324
04747029353
04747029662
04747029690
04747029816
04747030565
04747031113
04747031141
04747031204
04747031213
04747031269
04747031286
04747031649
04747032397
04747032427
04747032829
04747032877
04747033113
04747034035
04747034413
04747034461
04747034480
04747034577
04747035772
04747037363
04747038408
04747039233
04747039271
04747039286
04747039356
04747039628
04747040428
04747040481
04747040482
04747040516
04747040534
04747040545
04747040651
04747040819
04747040985
04747040991
04747041086
04747041144
04747041282
04747041581
04747041582
04747041595
04747041608
04747041930
04747042079
04747043829
04747043886
04747044300
04747058163
04747058336
04747065195
04747067913
04747091255
04747095344
04747099596
04747292474
04747400293
04747400695
04747417996
04747603348
04747607719
04747616193
04747617013
04747617577
04747631680
04747631741
04747633961
04747637246
04747640348
04747640917
04747649315
04747654493
04747664652
04747667389
04747750960
04747756441
04747757111
04747854365
04748000297
04748007177
04748008629
04748009911
04748030244
04748031465
04748036809
04748037815
04748038279
04748038857
04748040348
04748047343
04748052893
04748052951
04748056734
04748061727
04748073876
04748077521
04748077638
04748078150
04748078229
04748091929
04748093526
04748093808
04748097097
04748110268
04748119277
04748123909
04748124906
04748125050
04748134644
04748135784
04748138107
04748142697
04748148087
04748148887
04748154043
04748156161
04748171317
04748173742
04748174309
04748177026
04748183305
04748188378
04748205220
04748220733
04748221188
04748226782
04748227863
04748229811
04748232494
04748233995
04748234208
04748236815
04748239403
04748243793
04748251959
04748255376
04748259302
04748261503
04748264410
04748281927
04748285789
04748290115
04748293747
04790010513
04790011489
04790014659
04790015060
04790020614
04790021787
04790023138
04790023229
04790024853
04790026216
04790031378
04790031785
04790038920
04790041588
04790043811
04790059094
04790059276
04790059866
04790060441
04790061707
04790061906
04790064540
04790065266
04790080537
04790084703
04790086072
04790087096
04790090250
04790097299
04790100237
04790106678
04790107680
04790112297
04790115798
04790117856
04790118475
04790120065
04790120481
04790121509
04790124158
04790129603
04790132403
04790132651
04790137078
04790143894
04790151650
04790152297
04790152524
04790159599
04790161052
04790164531
04790171596
04790173169
04790180585
04790180764
04790182276
04790187664
04790194870
04790204571
04790501613
04790501992
04790503976
04790511312
04790512910
04790515348
04790519908
04790521466
04790523304
04790523709
04790531252
04790532023
04790534429
04790535531
04790537230
04790544191
04790546339
04790549901
04790555628
04790558598
04790562207
04790562238
04790564726
04790566264
04790567818
04790574028
04790578667
04790587486
04790587710
04790594696
04790595240
04790604168
04790604217
04790606752
04790607576
04790619103
04790622107
04790623342
04790624933
04790625255
04790626329
04790628890
04790629564
04790630195
04790635570
04790635929
04790637642
04790638115
04790639007
04790639198
04790643029
04790649708
04790654918
04790658931
04790668571
04790668777
04790675166
04790676189
04790677071
04790677473
04790692687
04790693023
04790695315
04790695779
04790722017
04790725224
04790725626
04790730256
04790731785
04790733856
04790734233
04790737354
04790740450
04790740797
04790742551
04790744756
04790744972
04790746976
04790746992
04790752319
04790754323
04790767359
04790767786
04790769568
04790771293
04790774691
04790777635
04790778376
04790784180
04790787796
04790788025
04790789784
04790790458
04790799479
04790823271
04790824087
04790825883
04790831440
04790833737
04790837681
04790840840
04790843872
04790844648
04790846577
04790858598
04790859566
04790861023
04790872140
04790877656
04790881302
04790885721
04790886678
04790888621
04790893033
04790894084
04790907417
04790910808
04790912217
04790920110
04790922323
04790923728
04790927410
04790934003
04790934883
04790938154
04790940313
04790941387
04790942304
04790942827
04790943580
04790943758
04790944811
04790945858
04790947921
04790953457
04790954007
04790957651
04790958972
04790959145
04790959867
04790962130
04790962658
04790964664
04790966907
04790970724
04790976672
04790978862
04790981944
04790982830
04790987176
04790989947
04790994086
04790994921
04790996573
04791100253
04791101225
04791102335
04791104700
04791119605
04791119702
04791120177
04791122598
04791127548
04791130053
04791133181
04791135227
04791136130
04791138673
04791140387
04791140619
04791144114
04791148838
04791148951
04791151297
04791157434
04791159854
04791166128
04791167484
04791167592
04791170368
04791173456
04791173732
04791173783
04791176174
04791178165
04791178579
04791178815
04791179689
04791181180
04791185228
04791185993
04791187280
04791190356
04791192475
04791304161
04791304236
04791304708
04791306496
04791307939
04791312114
04791314489
04791324844
04791326260
04791335651
04791339028
04791342195
04791348866
04791352438
04791359356
04791362673
04791366747
04791367689
04791370848
04791372778
04791375192
04791377835
04791380085
04791380606
04791386579
04791388474
04791395356
04791397315
04791510747
04791522185
04791529309
04791529675
04791531586
04791537994
04791538578
04791540105
04791541529
04791548381
04791549049
04791550065
04791553088
04791554389
04791555024
04791555529
04791555941
04791560212
04791560933
04791563656
04791563771
04791568054
04791574961
04791576670
04791577756
04791578411
04791579200
04791588527
04791591861
04791594356
04791597516
04791599282
04791601416
04791604263
04791605763
04791618336
04791622905
04791623009
04791623066
04791629394
04791631013
04791645201
04791647923
04791649676
04791662370
04791667423
04791680886
04791681385
04791683069
04791683877
04791692149
04791694267
04791695093
04791700514
04791704020
04791707037
04791707187
04791708941
04791709861
04791711853
04791712162
04791715214
04791720770
04791724578
04791726678
04791729961
04791730189
04791730849
04791733530
04791741175
04791743446
04791748493
04791749372
04791751872
04791755325
04791757128
04791757721
04791758722
04791759609
04791768100
04791770501
04791775894
04791779159
04791790517
04791792938
04791793651
04791794039
04791795131
04791795947
04791802096
04791802780
04791805557
04791808218
04791812753
04791814448
04791814686
04791816868
04791821825
04791826796
04791829757
04791831300
04791831845
04791839486
04791839881
04791841572
04791847718
04791851269
04791854051
04791855686
04791857638
04791863569
04791869547
04791870875
04791872084
04791877708
04791878606
04791879561
04791881320
04791884224
04791884496
04791885207
04791893048
04792014412
04792015260
04792017243
04792017929
04792018284
04792028170
04792028196
04792029210
04792029845
04792030400
04792030893
04792031068
04792031955
04792032680
04792034237
04792034316
04792035754
04792037106
04792038226
04792040642
04792041233
04792042839
04792043170
04792043991
04792051696
04792052730
04792053467
04792058358
04792058670
04792059124
04792062165
04792062224
04792064575
04792066734
04792067097
04792080297
04792081220
04792082613
04792082686
04792084611
04792087631
04792091943
04792091965
04792092224
04792093084
04792094633
04792094675
04792096257
04792096553
04792096664
04792098379
04792098384
04792098942
04792099269
04792202457
04792202857
04792203229
04792206075
04792206085
04792206138
04792207225
04792208168
04792208337
04792209106
04792211109
04792212387
04792213499
04792215237
04792215697
04792217865
04792218232
04792218577
04792220998
04792221840
04792225586
04792226336
04792226340
04792228397
04792235657
04792235919
04792238760
04792238934
04792238971
04792242829
04792243462
04792244676
04792247678
04792250063
04792253514
04792255147
04792255505
04792255605
04792262986
04792265653
04792266773
04792268327
04792268345
04792284245
04792285133
04792285463
04792286041
04792288265
04792289670
04792289844
04792291235
04792292540
04792295208
04792299019
04792299710
04792299940
04792402945
04792403794
04792405090
04792410376
04792416607
04792417472
04792420215
04792422359
04792422557
04792422724
04792423369
04792424096
04792430323
04792430965
04792431459
04792431513
04792432319
04792433329
04792433530
04792435462
04792436223
04792437040
04792437647
04792438681
04792439848
04792440286
04792445589
04792447740
04792449217
04792449874
04792450753
04792451242
04792453081
04792453123
04792453509
04792453613
04792453815
04792454563
04792456299
04792456314
04792457911
04792458328
04792459023
04792460237
04792462793
04792463564
04792465575
04792469904
04792482988
04792486406
04792495510
04792498539
04792600455
04792601078
04792601405
04792610528
04792617112
04792622934
04792630917
04792635597
04792640316
04792642730
04792643731
04792650847
04792652495
04792655328
04792658102
04792660570
04792661190
04792661264
04792661272
04792662415
04792664433
04792664904
04792667399
04792668924
04792681999
04792687578
04792687923
04792688508
04792688705
04792693129
04792694564
04792698967
04792803890
04792804159
04792808613
04792811020
04792811585
04792812938
04792812958
04792814764
04792815238
04792816427
04792820131
04792820540
04792823119
04792823557
04792824301
04792826744
04792828374
04792834519
04792835455
04792840997
04792841206
04792841607
04792841723
04792846182
04792847557
04792853233
04792854463
04792854920
04792855498
04792856269
04792859545
04792859814
04792862067
04792862795
04792863813
04792864782
04792868254
04792880767
04792883807
04792886077
04792889144
04792890868
04792891313
04792892834
04792894825
04793000189
04793001642
04793001847
04793004566
04793004783
04793010095
04793010368
04793011128
04793011712
04793013409
04793015593
04793022771
04793023430
04793028520
04793034357
04793034556
04793037494
04793038070
04793039178
04793040762
04793040924
04793044089
04793044583
04793047020
04793047909
04793048374
04793050192
04793051255
04793055730
04793056438
04793062567
04793065639
04793065665
04793066754
04793067907
04793068782
04793082761
04793084905
04793085353
04793087818
04793088038
04793088298
04793091518
04793094219
04793095071
04793095768
04793097532
04793200215
04793202938
04793209388
04793209404
04793209595
04793210789
04793212616
04793213731
04793217495
04793219074
04793219779
04793222016
04793232506
04793235757
04793237760
04793241809
04793247499
04793251965
04793253233
04793253276
04793257278
04793257697
04793257892
04793260026
04793263151
04793265483
04793269008
04793281826
04793282790
04793286239
04793286309
04793291737
04793293235
04793294883
04793404053
04793409640
04793411442
04793411583
04793412261
04793412643
04793413344
04793416947
04793417448
04793417624
04793419201
04793421590
04793422110
04793424336
04793424746
04793425935
04793427235
04793429796
04793432941
04793433167
04793437363
04793438794
04793445908
04793447363
04793447813
04793449237
04793451112
04793452029
04793452827
04793455515
04793459442
04793459737
04793461282
04793461307
04793462842
04793468084
04793484330
04793484601
04793494355
04793499118
04793499304
04793601566
04793607786
04793609700
04793610324
04793613935
04793615046
04793616316
04793618243
04793629847
04793630987
04793634800
04793635195
04793636042
04793640375
04793648943
04793657643
04793660129
04793661575
04793664095
04793672142
04793685137
04793689414
04793693282
04793699371
04793801926
04793804048
04793804669
04793804929
04793805061
04793807757
04793809594
04793811331
04793815249
04793815562
04793819860
04793822472
04793822721
04793824692
04793831990
04793835190
04793838519
04793840713
04793842748
04793843239
04793844791
04793848184
04793849570
04793853399
04793857270
04793857649
04793861855
04793862700
04793869719
04793870060
04793873740
04793880132
04793882462
04793882942
04793885465
04793886129
04793890038
04794206616
04794206620
04794206652
04794206800
04794206820
04794206907
04794206932
04794206954
04794207037
04794207062
04794207115
04794207207
04794207333
04794207343
04794207368
04794207370
04794207417
04794207646
04794207656
04794207682
04794207683
04794207692
04794207695
04794207752
04794207791
04794207829
04794207831
04794207871
04794207879
04794207886
04794207907
04794208038
04794208087
04794208294
04794208302
04794208540
04794208788
04794208789
04794208931
04794208952
04794208985
04794209125
04794209144
04794209252
04794209263
04794209334
04794209351
04794209477
04794209555
04794209569
04794209574
04794209628
04794209642
04794209654
04794209677
04794209681
04794209757
04794217286
04794217298
04794217340
04794217341
04794217359
04794217402
04794217435
04794303864
04794304516
04794306062
04794312950
04794356972
04794358007
04794363554
04794367108
04794369070
04794371282
04794371882
04794374315
04794381134
04794384536
04794388449
04794409176
04794409178
04794411790
04795022082
04795027103
04795028299
04795029707
04795029758
04795031614
04795032018
04795038359
04795042350
04795042503
04795042747
04795044665
04795048068
04795051822
04795057791
04795059583
04795061353
04795069540
04795070499
04795070916
04795085226
04795105838
04795109053
04795113862
04795116056
04795116373
04795128771
04795132549
04795132945
04795135253
04795149551
04795150051
04795150932
04795152260
04795155196
04795156076
04795158698
04795159056
04795163466
04795166381
04795169405
04795170642
04795171811
04795176017
04795182854
04795183388
04795184211
04795186124
04795200613
04795205412
04795212611
04795217584
04795219945
04795220344
04795221941
04795227128
04795227908
04795229358
04795229731
04795230886
04795232045
04795235684
04795235808
04795238195
04795238489
04795240810
04795241084
04795243054
04795243192
04795243988
04795244033
04795248652
04795249359
04795253737
04795257174
04795265684
04795267835
04795271836
04795272184
04795278677
04795281949
04795286242
04795288969
04795289902
04795292057
04795294764
04795707461
04795707642
04795727204
04795727248
04795730857
04795732252
04795739232
04795740880
04795747086
04795748249
04795751072
04795753453
04795757617
04795759808
04795761475
04795766180
04795767761
04795775336
04795776393
04795779800
04795781066
04795785881
04795791336
04795800399
04795800582
04795801996
04795806834
04795811924
04795816470
04795821603
04795826181
04795828252
04795829409
04795829892
04795830588
04795832558
04795839664
04795844918
04795848290
04795853469
04795853955
04795854810
04795859359
04795861475
04795863762
04795865897
04795871245
04795874979
04795882385
04795883319
04795884948
04795887794
04795888359
04795895418
04795903889
04795905069
04795907063
04795909247
04795911325
04795918153
04795930648
04795933032
04795934962
04795938814
04795940617
04795942439
04795943928
04795945989
04795946839
04795949058
04795949938
04795961753
04795962672
04795962689
04795967506
04795972035
04795975635
04795976749
04795998799
04796225050
04796227374
04797002364
04797003385
04797003555
04797008706
04797010808
04797014260
04797016795
04797019259
04797024709
04797026582
04797030800
04797033392
04797034809
04797034818
04797038118
04797043312
04797045881
04797046052
04797047420
04797061654
04797065599
04797076569
04797081287
04797083118
04797083870
04797084886
04797085114
04797087129
04797090838
04797091279
04797093977
04797094524
04797094710
04797102439
04797102702
04797103096
04797105678
04797108628
04797110097
04797111829
04797123352
04797133262
04797134694
04797135359
04797142402
04797144068
04797145016
04797147125
04797148641
04797157796
04797163204
04797164546
04797168650
04797170765
04797171311
04797173120
04797176390
04797177745
04797178247
04797178541
04797179013
04797179566
04797180099
04797181872
04797187593
04797189534
04797193566
04797197519
04797199512
04797500169
04797508865
04797509643
04797512468
04797514667
04797514721
04797514845
04797515066
04797522648
04797526582
04797532233
04797533045
04797535077
04797539470
04797544837
04797546369
04797548645
04797559933
04797561332
04797563526
04797569515
04797571762
04797571924
04797572268
04797578313
04797581108
04797583577
04797584313
04797586195
04797589287
04797592204
04797594981
04797596253
04797604873
04797606954
04797608728
04797609489
04797613018
04797613397
04797614548
04797614879
04797618806
04797618995
04797643605
04797653834
04797654675
04797667031
04797680420
04797682597
04797688351
04797688612
04797689591
04797691369
04797696085
04797697763
04797707988
04797709093
04797723382
04797727667
04797733452
04797734810
04797734895
04797744010
04797744694
04797746862
04797750766
04797755690
04797756201
04797756221
04797757747
04797759798
04797760867
04797762157
04797763267
04797767237
04797770749
04797771418
04797772195
04797772912
04797776527
04797777173
04797778955
04797785808
04797786909
04797795230
04797799531
04797972070
04797977618
04798001152
04798004600
04798005595
04798011171
04798019700
04798020342
04798026511
04798030811
04798034242
04798034345
04798038050
04798051618
04798059593
04798062622
04798065527
04798066273
04798070908
04798078687
04798082853
04798085706
04798085754
04798097340
04798099583
04798099584
04798215544
04798227382
04798403830
04798410469
04798415574
04798416426
04798420301
04798424176
04798424602
04798435739
04798435771
04798436161
04798444223
04798456980
04798461515
04798463072
04798465811
04798473006
04798473533
04798479118
04798479884
04798492097
04798497380
04798499784
04798603437
04798606062
04798606641
04798613523
04798620976
04798621994
04798623899
04798627666
04798629462
04798631157
04798631681
04798633463
04798639301
04798642172
04798645797
04798648982
04798649232
04798649652
04798649886
04798649999
04798651945
04798652314
04798655121
04798655511
04798661232
04798662773
04798663161
04798668314
04798669527
04798672040
04798673558
04798675120
04798676249
04798682080
04798682388
04798685332
04798691560
04798697733
04798698450
04798806502
04798808864
04798810982
04798811113
04798811690
04798817207
04798820128
04798820533
04798820698
04798826085
04798826242
04798827835
04798833880
04798833988
04798837169
04798839143
04798839795
04798842222
04798845640
04798846651
04798849402
04798852536
04798852740
04798855004
04798855044
04798856082
04798858271
04798859039
04798862449
04798863275
04798874049
04798885494
04798889249
04799000520
04799000528
04799000551
04799000581
04799000619
04799000622
04799000781
04799000986
04799001002
04799001057
04799001061
04799001326
04799001418
04799001493
04799001554
04799001593
04799001623
04799001639
04799001814
04799001834
04799002278
04799002637
04799002645
04799002695
04799002711
04799002758
04799002761
04799002774
04799002827
04799002844
04799002935
04799003050
04799003061
04799003193
04799003196
04799003393
04799003511
04799003545
04799003619
04799003662
04799003832
04799004112
04799004226
04799004273
04799004384
04799004393
04799004490
04799004494
04799004502
04799004514
04799004520
04799004549
04799004585
04799004587
04799004606
04799004622
04799004642
04799004857
04799004880
04799005044
04799005263
04799005284
04799005375
04799005490
04799005519
04799005567
04799005822
04799005878
04799005894
04799006044
04799006188
04799006402
04799006461
04799006486
04799006701
04799006731
04799006783
04799007015
04799007117
04799007232
04799007237
04799007351
04799007453
04799007493
04799007567
04799007645
04799007717
04799007723
04799007829
04799007839
04799008140
04799008174
04799008191
04799008221
04799008332
04799008485
04799008564
04799009033
04799009052
04799009090
04799009307
04799009413
04799009453
04799009504
04799009653
04799009750
04799009759
04799009939
04799010095
04799010106
04799010182
04799010311
04799010406
04799010407
04799010436
04799010470
04799010475
04799010484
04799010491
04799010504
04799010505
04799010517
04799010528
04799010583
04799010589
04799010595
04799010710
04799010739
04799010863
04799010941
04799010948
04799010950
04799011043
04799011063
04799011229
04799011233
04799011251
04799011317
04799011382
04799011383
04799011417
04799011497
04799011982
04799012030
04799012173
04799012280
04799012333
04799012415
04799012439
04799012481
04799012551
04799012571
04799012591
04799012703
04799012730
04799012736
04799012839
04799012864
04799012936
04799013176
04799013250
04799013309
04799013392
04799013482
04799013572
04799013829
04799013972
04799014030
04799014148
04799014165
04799014353
04799014364
04799014365
04799014418
04799014455
04799014640
04799014807
04799014824
04799014985
04799015147
04799015154
04799015243
04799015260
04799015285
04799015310
04799015409
04799015444
04799015461
04799015529
04799015683
04799016136
04799016204
04799016332
04799016470
04799016612
04799016649
04799016670
04799016684
04799016857
04799016867
04799017439
04799017512
04799017552
04799017590
04799017704
04799017747
04799017962
04799018060
04799018091
04799018235
04799018448
04799018512
04799018513
04799018565
04799018624
04799018630
04799018642
04799018648
04799018665
04799018753
04799018809
04799018846
04799018869
04799018870
04799018897
04799019000
04799019112
04799019192
04799019237
04799019255
04799019371
04799019376
04799019427
04799019436
04799019593
04799019633
04799019634
04799019656
04799019668
04799019759
04799019763
04799019793
04799019936
04799020014
04799020196
04799020241
04799020582
04799020709
04799020774
04799020798
04799020855
04799020873
04799020928
04799021050
04799021158
04799021199
04799021256
04799021472
04799021541
04799021622
04799021688
04799021887
04799021907
04799021912
04799021967
04799021985
04799022042
04799022079
04799022166
04799022180
04799022181
04799022184
04799022285
04799022361
04799022441
04799022601
04799022650
04799023061
04799023239
04799023298
04799023338
04799023355
04799023378
04799023473
04799023527
04799023528
04799023549
04799023566
04799023640
04799023651
04799023718
04799023736
04799023746
04799023778
04799023825
04799023971
04799023995
04799024127
04799024145
04799024273
04799024284
04799024412
04799024466
04799024570
04799024701
04799024702
04799024852
04799024878
04799024917
04799025034
04799025127
04799025207
04799025210
04799025512
04799025545
04799025563
04799025642
04799025875
04799025895
04799026028
04799026077
04799026142
04799026283
04799026480
04799026488
04799026560
04799026591
04799026614
04799027025
04799027251
04799027504
04799027675
04799027750
04799027859
04799028061
04799028233
04799028258
04799028266
04799028416
04799028470
04799028535
04799028548
04799028756
04799028799
04799028959
04799029533
04799029655
04799030320
04799030437
04799030455
04799030673
04799030682
04799030853
04799030932
04799031032
04799031090
04799031443
04799031445
04799031783
04799031863
04799031895
04799032070
04799032090
04799032101
04799032357
04799032375
04799032580
04799032829
04799032835
04799032926
04799033118
04799033184
04799033189
04799033647
04799033661
04799033864
04799033977
04799034007
04799034009
04799034168
04799034396
04799034470
04799034579
04799034614
04799034726
04799034750
04799034753
04799034770
04799034813
04799034928
04799035036
04799035083
04799035174
04799035216
04799035446
04799035460
04799035468
04799035644
04799035663
04799035664
04799035666
04799035694
04799035720
04799035890
04799035972
04799036051
04799036098
04799036340
04799036394
04799036404
04799036496
04799036754
04799036779
04799036802
04799036846
04799036883
04799036912
04799036916
04799036995
04799037005
04799037052
04799037116
04799037160
04799037169
04799037191
04799037371
04799037413
04799037418
04799037563
04799037712
04799037728
04799037792
04799038010
04799038059
04799038068
04799038086
04799038212
04799038231
04799038967
04799038980
04799039271
04799039285
04799039359
04799039417
04799039522
04799039608
04799039682
04799039847
04799039860
04799039904
04799039905
04799039946
04799040017
04799040377
04799040462
04799040601
04799040642
04799040663
04799040758
04799041129
04799041325
04799041418
04799041463
04799041583
04799041668
04799041718
04799041721
04799041900
04799042089
04799042158
04799042159
04799042217
04799042580
04799042585
04799042643
04799042678
04799042721
04799042738
04799042905
04799042954
04799043033
04799043205
04799043351
04799043367
04799043811
04799043825
04799043865
04799043953
04799044048
04799044308
04799044476
04799044533
04799044645
04799044873
04799045213
04799045374
04799045491
04799045610
04799045619
04799045625
04799045639
04799045910
04799046138
04799046335
04799046379
04799046393
04799046492
04799046746
04799046820
04799047004
04799047067
04799047256
04799047503
04799047518
04799047536
04799047570
04799047581
04799047636
04799047637
04799047638
04799047733
04799047772
04799048015
04799048053
04799048087
04799048154
04799048157
04799048178
04799048271
04799048343
04799048351
04799048626
04799048634
04799048923
04799048927
04799048969
04799049115
04799049122
04799049163
04799049292
04799049617
04799049620
04799049716
04799049761
04799100476
04799100979
04799102073
04799102655
04799105162
04799107643
04799108321
04799109703
04799150029
04799154465
04799158529
04799159076
04799160217
04799162818
04799213066
04799224484
04799227126
04799230833
04799231363
04799237452
04799241982
04799254848
04799254880
04799256220
04799259865
04799259932
04799266098
04799266719
04799269382
04799278148
04799278173
04799279127
04799296751
04799303831
04799306010
04799306055
04799309171
04799309173
04799318015
04799324955
04799327576
04799330333
04799351083
04799354762
04799364030
04799366006
04799366050
04799367986
04799380008
04799382920
04799384845
04799385658
04799389695
04799390150
04799391534
04799393224
04799395847
04799405391
04799432716
04799445736
04799449955
04799451298
04799451956
04799453753
04799456780
04799461802
04799463448
04799464786
04799485002
04799497389
04799498285
04799499477
04799502646
04799506286
04799510295
04799513608
04799514393
04799516212
04799518602
04799521695
04799522908
04799526763
04799542265
04799546700
04799549904
04799550150
04799552264
04799555014
04799555261
04799560109
04799574842
04799578400
04799585731
04799590206
04799597095
04799600844
04799600920
04799600940
04799600982
04799601190
04799601191
04799601271
04799601337
04799601339
04799601347
04799601620
04799601702
04799601784
04799601943
04799601997
04799602016
04799602020
04799602062
04799602121
04799602149
04799602176
04799602622
04799602688
04799602785
04799602831
04799602864
04799602875
04799602892
04799603039
04799603117
04799603135
04799603157
04799603205
04799603286
04799603404
04799603444
04799603479
04799603510
04799603545
04799603636
04799603638
04799603641
04799603650
04799603680
04799603712
04799603722
04799603810
04799603831
04799603870
04799603941
04799604035
04799604098
04799604108
04799604148
04799604257
04799604274
04799604326
04799604404
04799604412
04799604517
04799604545
04799604561
04799604648
04799604692
04799604826
04799604880
04799604889
04799604927
04799604942
04799605069
04799605134
04799605205
04799605212
04799605234
04799605238
04799605301
04799605459
04799605509
04799605584
04799605591
04799605649
04799605687
04799605750
04799605756
04799605790
04799605925
04799606016
04799606121
04799606142
04799606162
04799606168
04799606323
04799606383
04799606398
04799606465
04799606712
04799606889
04799606903
04799606925
04799606971
04799607151
04799607238
04799607241
04799607275
04799607367
04799607456
04799607477
04799607500
04799607548
04799607581
04799607716
04799607887
04799607888
04799607905
04799607935
04799607956
04799608183
04799608251
04799608310
04799608321
04799608342
04799608506
04799608594
04799608649
04799608662
04799609021
04799609055
04799609082
04799609094
04799609098
04799609198
04799609312
04799609355
04799609365
04799609424
04799609459
04799609516
04799609592
04799609812
04799609846
04799609875
04799609925
04799610001
04799610004
04799610087
04799610144
04799610225
04799610258
04799610320
04799610321
04799610354
04799610360
04799610462
04799610475
04799610516
04799610696
04799610728
04799610746
04799610837
04799610926
04799611033
04799611135
04799611153
04799611513
04799611566
04799611601
04799611948
04799611951
04799612000
04799612122
04799612217
04799612314
04799612340
04799612356
04799612632
04799612695
04799612717
04799612764
04799612862
04799612947
04799613012
04799613013
04799613031
04799613110
04799613143
04799613146
04799613181
04799613345
04799613426
04799613452
04799613495
04799613552
04799613608
04799613629
04799613633
04799613691
04799613713
04799613770
04799613814
04799613824
04799613845
04799613850
04799613852
04799613866
04799613869
04799613928
04799613950
04799613986
04799613987
04799614040
04799614091
04799614353
04799614535
04799614605
04799614619
04799614655
04799614673
04799614700
04799614716
04799614781
04799614828
04799614920
04799615031
04799615065
04799615154
04799615219
04799615259
04799615266
04799615343
04799615474
04799615534
04799615681
04799615696
04799615750
04799615767
04799615852
04799615897
04799615946
04799616013
04799616014
04799616026
04799616096
04799616211
04799616237
04799616240
04799616243
04799616261
04799616267
04799616308
04799616378
04799616406
04799616493
04799616792
04799616834
04799616855
04799616890
04799616915
04799616960
04799616986
04799617056
04799617167
04799617417
04799617491
04799617502
04799617508
04799617566
04799617591
04799617656
04799617717
04799617792
04799617850
04799617853
04799617985
04799618028
04799618162
04799618177
04799618196
04799618204
04799618231
04799618232
04799618250
04799618286
04799618350
04799618435
04799618489
04799618490
04799618506
04799618509
04799618587
04799618645
04799618955
04799619014
04799619140
04799619147
04799619169
04799619316
04799619351
04799619403
04799619448
04799619467
04799619527
04799619547
04799619621
04799619629
04799619630
04799619635
04799619640
04799619707
04799619845
04799619848
04799619876
04799619892
04799619900
04799619909
04799619954
04799620023
04799620081
04799620083
04799620091
04799620096
04799620148
04799620155
04799620185
04799620209
04799620224
04799620244
04799620280
04799620324
04799620326
04799620327
04799620366
04799620658
04799620708
04799620801
04799620885
04799620921
04799621022
04799621030
04799621051
04799621255
04799621317
04799621489
04799621501
04799621776
04799621786
04799621815
04799621845
04799621972
04799622032
04799622052
04799622109
04799622115
04799622192
04799622224
04799622345
04799622369
04799622455
04799622480
04799622552
04799622625
04799622644
04799622687
04799622761
04799622837
04799622855
04799622919
04799622991
04799623042
04799623053
04799623074
04799623102
04799623107
04799623230
04799623243
04799623502
04799623508
04799623529
04799623537
04799623702
04799623733
04799623743
04799623745
04799623776
04799623789
04799623801
04799623819
04799623949
04799623981
04799624019
04799624111
04799624258
04799624297
04799624343
04799624347
04799624390
04799624561
04799624581
04799624621
04799624663
04799624667
04799624689
04799624790
04799624939
04799624947
04799624956
04799625011
04799625025
04799625127
04799625134
04799625151
04799625229
04799625242
04799625346
04799625348
04799625473
04799625595
04799625605
04799625607
04799625680
04799625785
04799625800
04799625841
04799626055
04799626078
04799626084
04799626135
04799626204
04799626269
04799626304
04799626337
04799626385
04799626386
04799626556
04799626567
04799626592
04799626601
04799626625
04799626665
04799626681
04799626712
04799626785
04799626965
04799627001
04799627197
04799627295
04799627352
04799627433
04799627523
04799627540
04799627567
04799627789
04799627899
04799627902
04799628135
04799628173
04799628207
04799628220
04799628264
04799628293
04799628347
04799628349
04799628412
04799628579
04799628598
04799628741
04799628780
04799628782
04799628788
04799628802
04799628848
04799628969
04799628982
04799629144
04799629175
04799629253
04799629280
04799629296
04799629327
04799629336
04799629578
04799629586
04799629597
04799629611
04799629643
04799629671
04799629705
04799629755
04799629756
04799629779
04799629784
04799629809
04799629839
04799629847
04799629857
04799629897
04799629997
04799630168
04799630187
04799630264
04799630378
04799630388
04799630394
04799630395
04799630423
04799630516
04799630527
04799630561
04799630588
04799630700
04799630909
04799631003
04799631006
04799631013
04799631073
04799631077
04799631118
04799631181
04799631193
04799631278
04799631309
04799631379
04799631428
04799631507
04799631538
04799631595
04799631687
04799631734
04799631885
04799631896
04799631897
04799632001
04799632066
04799632083
04799632345
04799632454
04799632499
04799632507
04799632521
04799632664
04799632670
04799632856
04799632859
04799632863
04799632864
04799632907
04799632953
04799633063
04799633080
04799633097
04799633174
04799633353
04799633374
04799633429
04799633438
04799633494
04799633626
04799633684
04799633858
04799634077
04799634144
04799634260
04799634267
04799634290
04799634298
04799634308
04799634334
04799634336
04799634388
04799634580
04799634589
04799634616
04799634689
04799634744
04799634746
04799634770
04799634855
04799634916
04799634932
04799634961
04799635040
04799635112
04799635154
04799635190
04799635192
04799635211
04799635272
04799635287
04799635290
04799635424
04799635439
04799635484
04799635790
04799635805
04799635824
04799635864
04799635904
04799636033
04799636041
04799636103
04799636133
04799636287
04799636299
04799636356
04799636448
04799636606
04799636629
04799636724
04799636877
04799636980
04799636999
04799637005
04799637038
04799637044
04799637081
04799637613
04799637624
04799637706
04799637841
04799637854
04799637869
04799637955
04799637959
04799637965
04799638008
04799638033
04799638083
04799638092
04799638115
04799638267
04799638268
04799638275
04799638343
04799638468
04799638538
04799638591
04799638742
04799638744
04799638763
04799638764
04799638781
04799638886
04799638932
04799638979
04799639029
04799639119
04799639346
04799639480
04799639527
04799639598
04799639682
04799639828
04799639845
04799639929
04799640016
04799640269
04799640325
04799640328
04799640352
04799640354
04799640370
04799640414
04799640439
04799640452
04799640456
04799640634
04799640743
04799640766
04799640952
04799640978
04799641159
04799641288
04799641320
04799641406
04799641640
04799641731
04799641743
04799641761
04799641775
04799641784
04799641818
04799641835
04799641850
04799641889
04799641931
04799641940
04799641985
04799642064
04799642137
04799642175
04799642182
04799642252
04799642312
04799642317
04799642322
04799642368
04799642491
04799642495
04799642725
04799642797
04799642988
04799643386
04799643458
04799643544
04799643557
04799643605
04799643633
04799643648
04799643819
04799643857
04799643870
04799643957
04799643962
04799644105
04799644126
04799644212
04799644300
04799644502
04799644691
04799644710
04799644714
04799644777
04799644854
04799644911
04799644928
04799645129
04799645174
04799645209
04799645240
04799645241
04799645248
04799645254
04799645272
04799645276
04799645285
04799645298
04799645299
04799645311
04799645433
04799645558
04799645577
04799645648
04799645736
04799645745
04799645753
04799645771
04799645815
04799645836
04799645840
04799645854
04799645855
04799645863
04799646037
04799646327
04799646560
04799646585
04799646605
04799646622
04799646721
04799647029
04799647045
04799647058
04799647095
04799647142
04799647182
04799647205
04799647243
04799647330
04799647440
04799647444
04799647476
04799647481
04799647490
04799647505
04799647643
04799647735
04799647797
04799647808
04799648186
04799648343
04799648386
04799648418
04799648529
04799648544
04799648547
04799648565
04799648713
04799648740
04799649002
04799649071
04799649085
04799649185
04799649223
04799649228
04799649385
04799649400
04799649626
04799649641
04799649648
04799649672
04799649707
04799649753
04799649840
04799690117
04799690121
04799690501
04799690690
04799690708
04799690766
04799690779
04799690780
04799690791
04799690994
04799691070
04799691116
04799691126
04799691203
04799691223
04799691236
04799691239
04799691240
04799691267
04799691307
04799691491
04799691543
04799691604
04799691844
04799691895
04799692163
04799692173
04799692230
04799692232
04799692240
04799692247
04799692250
04799692383
04799692471
04799692590
04799692599
04799692700
04799692796
04799692906
04799693003
04799693062
04799693136
04799693176
04799693210
04799693215
04799693244
04799693279
04799693435
04799693448
04799693540
04799693640
04799693682
04799693688
04799693728
04799693775
04799693906
04799694012
04799694097
04799694105
04799694106
04799694234
04799694496
04799694530
04799694585
04799694636
04799694788
04799694848
04799695099
04799695158
04799695208
04799695225
04799695227
04799695250
04799695255
04799695420
04799695461
04799695476
04799695515
04799695558
04799695573
04799695593
04799695830
04799696037
04799696193
04799696248
04799696371
04799696440
04799696475
04799696582
04799696583
04799696625
04799696659
04799696666
04799697360
04799697425
04799697451
04799697502
04799697562
04799697603
04799697618
04799697676
04799697683
04799697717
04799697733
04799697766
04799697885
04799697961
04799698136
04799698179
04799698183
04799698229
04799698286
04799698315
04799698558
04799698560
04799698638
04799698639
04799698679
04799698691
04799698804
04799698821
04799699171
04799699239
04799699267
04799699311
04799699390
04799699417
04799699418
04799699419
04799699424
04799699441
04799699530
04799699540
04799699593
04799699626
04799699629
04799699637
04799699673
04799699683
04799699699
04799699839
04799699875
04799699887
04799699951
04799700005
04799700014
04799700138
04799700223
04799700283
04799700348
04799700370
04799700386
04799700495
04799700584
04799700631
04799700638
04799700717
04799700759
04799700776
04799700807
04799700958
04799700963
04799700984
04799701055
04799701057
04799701060
04799701067
04799701092
04799701105
04799701112
04799701118
04799701155
04799701158
04799701340
04799701347
04799701360
04799701495
04799701551
04799701581
04799701610
04799701632
04799701634
04799701650
04799701654
04799701689
04799701711
04799701742
04799701766
04799701786
04799701812
04799701837
04799701845
04799701879
04799701922
04799702019
04799702027
04799702028
04799702043
04799702103
04799702230
04799702236
04799702262
04799702307
04799702328
04799702330
04799702340
04799702353
04799702364
04799702421
04799702455
04799702458
04799702459
04799702523
04799702537
04799702566
04799702583
04799702621
04799702667
04799702669
04799702676
04799702691
04799702714
04799702743
04799702754
04799702769
04799702788
04799702803
04799702874
04799702877
04799702884
04799702932
04799703146
04799703182
04799703242
04799703248
04799703253
04799703338
04799703342
04799703348
04799703382
04799703393
04799703447
04799703457
04799703532
04799703539
04799703577
04799703606
04799703712
04799703728
04799703796
04799703798
04799703804
04799703871
04799703902
04799703943
04799703944
04799703947
04799703984
04799703989
04799704028
04799704037
04799704050
04799704088
04799704136
04799704140
04799704157
04799704179
04799704298
04799704304
04799704351
04799704381
04799704391
04799704439
04799704442
04799704446
04799704453
04799704461
04799704490
04799704549
04799704611
04799704655
04799704694
04799704697
04799704740
04799704741
04799704764
04799704837
04799704854
04799704857
04799704872
04799704891
04799705028
04799705072
04799705106
04799705153
04799705169
04799705240
04799705283
04799705290
04799705317
04799705371
04799705380
04799705428
04799705445
04799705581
04799705652
04799705678
04799705827
04799705829
04799705834
04799705856
04799705872
04799705955
04799706018
04799706054
04799706076
04799706119
04799706159
04799706242
04799706245
04799706378
04799706392
04799706411
04799706545
04799706562
04799706746
04799706953
04799706969
04799707019
04799707025
04799707042
04799707095
04799707147
04799707173
04799707213
04799707279
04799707283
04799707332
04799707346
04799707390
04799707406
04799707421
04799707436
04799707444
04799707510
04799707516
04799707558
04799707561
04799707675
04799707676
04799707745
04799707764
04799707778
04799707782
04799707811
04799707840
04799707863
04799707865
04799707882
04799707901
04799707967
04799707976
04799707986
04799708019
04799708021
04799708064
04799708100
04799708118
04799708149
04799708209
04799708212
04799708272
04799708284
04799708298
04799708336
04799708410
04799708425
04799708441
04799708483
04799708584
04799708585
04799708612
04799708617
04799708665
04799708683
04799708745
04799708767
04799708805
04799708841
04799708854
04799708932
04799708941
04799708955
04799708963
04799709111
04799709131
04799709146
04799709229
04799709243
04799709269
04799709294
04799709401
04799709514
04799709520
04799709540
04799709565
04799709590
04799709593
04799709629
04799709707
04799709803
04799709808
04799710222
04799710249
04799710270
04799710299
04799710310
04799710315
04799710333
04799710365
04799710366
04799710389
04799710465
04799710634
04799710678
04799710681
04799710741
04799710784
04799710807
04799710934
04799710991
04799711004
04799711063
04799711067
04799711072
04799711093
04799711096
04799711112
04799711151
04799711244
04799711252
04799711289
04799711356
04799711401
04799711478
04799711487
04799711548
04799711577
04799711580
04799711589
04799711591
04799711593
04799711674
04799711771
04799711807
04799711842
04799711888
04799712071
04799712098
04799712107
04799712142
04799712153
04799712154
04799712162
04799712168
04799712169
04799712186
04799712201
04799712221
04799712266
04799712275
04799712396
04799712410
04799712458
04799712465
04799712557
04799712589
04799712641
04799712693
04799712752
04799712761
04799712764
04799712787
04799712807
04799712837
04799713262
04799713275
04799713442
04799713460
04799713547
04799713593
04799713619
04799713642
04799713675
04799713751
04799713757
04799713768
04799713818
04799713885
04799713907
04799713945
04799713948
04799713980
04799713987
04799713990
04799714005
04799714010
04799714036
04799714041
04799714053
04799714058
04799714081
04799714138
04799714168
04799714176
04799714179
04799714208
04799714229
04799714243
04799714294
04799714368
04799714423
04799714438
04799714449
04799714456
04799714461
04799714467
04799714479
04799714519
04799714568
04799714665
04799714699
04799714725
04799714868
04799714905
04799714914
04799714968
04799714996
04799715004
04799715102
04799715129
04799715215
04799715301
04799715307
04799715345
04799715426
04799715434
04799715580
04799715603
04799715619
04799715956
04799715975
04799716055
04799716100
04799716130
04799716232
04799716299
04799716450
04799716455
04799716458
04799716527
04799716604
04799716633
04799716711
04799716731
04799716763
04799716904
04799716916
04799716945
04799716954
04799716977
04799716988
04799717002
04799717010
04799717011
04799717025
04799717087
04799717107
04799717134
04799717169
04799717177
04799717205
04799717373
04799717447
04799717567
04799717597
04799717652
04799717657
04799717669
04799717688
04799717691
04799717743
04799717766
04799717792
04799717796
04799717836
04799717864
04799717872
04799717913
04799717940
04799717964
04799717971
04799718005
04799718021
04799718034
04799718038
04799718200
04799718206
04799718253
04799718259
04799718290
04799718352
04799718486
04799718583
04799718614
04799718676
04799718680
04799719015
04799719054
04799719194
04799719277
04799719414
04799719456
04799719501
04799719528
04799719568
04799719642
04799719719
04799719828
04799719958
04799720062
04799720063
04799720203
04799720238
04799720256
04799720292
04799720475
04799720523
04799720524
04799720545
04799720569
04799720642
04799720702
04799720719
04799720778
04799720855
04799720875
04799720907
04799720908
04799720951
04799720996
04799721020
04799721091
04799721092
04799721098
04799721110
04799721146
04799721156
04799721206
04799721237
04799721246
04799721253
04799721272
04799721294
04799721305
04799721366
04799721379
04799721412
04799721433
04799721434
04799721493
04799721521
04799721553
04799721554
04799721596
04799721611
04799721619
04799721621
04799721662
04799721664
04799721696
04799721719
04799721724
04799721733
04799721777
04799721931
04799721933
04799721985
04799722004
04799722070
04799722076
04799722082
04799722083
04799722092
04799722097
04799722101
04799722123
04799722188
04799722220
04799722285
04799722288
04799722294
04799722307
04799722320
04799722332
04799722339
04799722355
04799722386
04799722414
04799722449
04799722487
04799722490
04799722537
04799722561
04799722604
04799722608
04799722621
04799722651
04799722666
04799722737
04799722759
04799722796
04799722798
04799722804
04799722810
04799722818
04799722820
04799722844
04799722890
04799722899
04799722949
04799722953
04799722961
04799722999
04799723000
04799723052
04799723074
04799723199
04799723207
04799723219
04799723233
04799723242
04799723300
04799723350
04799723409
04799723422
04799723468
04799723507
04799723533
04799723588
04799723650
04799723768
04799723902
04799723910
04799723984
04799724028
04799724037
04799724083
04799724096
04799724099
04799724114
04799724149
04799724151
04799724180
04799724182
04799724183
04799724362
04799724424
04799724493
04799724585
04799724618
04799724652
04799724683
04799724687
04799724691
04799724728
04799724731
04799724746
04799724749
04799724812
04799724824
04799724897
04799724944
04799725013
04799725016
04799725076
04799725078
04799725085
04799725115
04799725119
04799725138
04799725191
04799725248
04799725253
04799725260
04799725396
04799725423
04799725545
04799725596
04799725791
04799725875
04799725895
04799725903
04799725986
04799725989
04799725993
04799726011
04799726066
04799726101
04799726170
04799726189
04799726190
04799726207
04799726226
04799726227
04799726299
04799726334
04799726347
04799726388
04799726397
04799726439
04799726490
04799726511
04799726606
04799726618
04799726623
04799726650
04799726676
04799726686
04799726744
04799726776
04799726780
04799726872
04799726880
04799726898
04799727012
04799727043
04799727048
04799727056
04799727058
04799727077
04799727099
04799727174
04799727179
04799727193
04799727228
04799727408
04799727442
04799727529
04799727558
04799727625
04799727797
04799727804
04799727855
04799727865
04799727875
04799727946
04799727963
04799727974
04799727977
04799728024
04799728062
04799728114
04799728130
04799728139
04799728147
04799728163
04799728182
04799728183
04799728191
04799728207
04799728231
04799728239
04799728297
04799728308
04799728325
04799728371
04799728388
04799728390
04799728426
04799728481
04799728492
04799728627
04799728704
04799728705
04799728776
04799728866
04799728919
04799728952
04799729041
04799729052
04799729114
04799729127
04799729155
04799729186
04799729253
04799729316
04799729402
04799729532
04799729561
04799729601
04799729625
04799729678
04799729687
04799729693
04799729700
04799729721
04799729731
04799729749
04799729762
04799729763
04799729780
04799729809
04799729828
04799729904
04799729917
04799729961
04799730067
04799730090
04799730177
04799730178
04799730237
04799730239
04799730246
04799730247
04799730305
04799730342
04799730416
04799730417
04799730466
04799730529
04799730531
04799730553
04799730554
04799731021
04799731028
04799731120
04799731126
04799731139
04799731243
04799731325
04799731357
04799731358
04799731359
04799731393
04799731455
04799731551
04799731583
04799731623
04799731628
04799731639
04799731678
04799731794
04799731806
04799731897
04799731948
04799732004
04799732085
04799732186
04799732234
04799732245
04799732254
04799732390
04799732565
04799732589
04799732644
04799732725
04799732754
04799732756
04799732785
04799732792
04799732874
04799732910
04799732966
04799732969
04799733068
04799733117
04799733151
04799733167
04799733250
04799733319
04799733342
04799733364
04799733385
04799733433
04799733441
04799733443
04799733507
04799733578
04799733632
04799733653
04799733707
04799733724
04799733728
04799733730
04799733795
04799733812
04799733843
04799733862
04799733876
04799733911
04799733940
04799733983
04799734006
04799734012
04799734085
04799734112
04799734157
04799734180
04799734185
04799734249
04799734250
04799734309
04799734340
04799734363
04799734499
04799734568
04799734674
04799734778
04799734836
04799734875
04799734979
04799735002
04799735083
04799735171
04799735214
04799735254
04799735299
04799735483
04799735486
04799735505
04799735510
04799735525
04799735539
04799735549
04799735556
04799735563
04799735587
04799735624
04799735651
04799735659
04799735675
04799735680
04799736219
04799736330
04799736331
04799736355
04799736361
04799736386
04799736661
04799736704
04799736831
04799736922
04799736928
04799736967
04799736977
04799737012
04799737054
04799737073
04799737081
04799737095
04799737280
04799737282
04799737395
04799737551
04799737688
04799737740
04799737742
04799737844
04799737845
04799737891
04799737965
04799738074
04799738134
04799738171
04799738172
04799738188
04799738283
04799738319
04799738347
04799738359
04799738372
04799738426
04799738517
04799738563
04799738576
04799738583
04799738586
04799738587
04799738605
04799738640
04799738667
04799738671
04799738673
04799738688
04799738704
04799738712
04799738717
04799738741
04799738861
04799738886
04799739012
04799739035
04799739082
04799739085
04799739086
04799739087
04799739251
04799739336
04799739340
04799739386
04799739408
04799739438
04799739481
04799739624
04799739839
04799740074
04799740130
04799740158
04799740173
04799740178
04799740324
04799740460
04799740463
04799740497
04799740563
04799740624
04799740674
04799740813
04799740840
04799740874
04799740955
04799740958
04799740998
04799741033
04799741060
04799741184
04799741212
04799741213
04799741219
04799741224
04799741233
04799741293
04799741336
04799741353
04799741380
04799741415
04799741486
04799741501
04799741511
04799741516
04799741638
04799741645
04799741670
04799741682
04799741700
04799741750
04799741815
04799741824
04799741831
04799741879
04799741883
04799741911
04799741914
04799741962
04799741970
04799741989
04799742014
04799742052
04799742059
04799742076
04799742115
04799742203
04799742206
04799742232
04799742263
04799742278
04799742308
04799742467
04799742564
04799742576
04799742617
04799742853
04799742897
04799742904
04799743055
04799743080
04799743113
04799743115
04799743142
04799743166
04799743174
04799743460
04799743644
04799743719
04799743720
04799743769
04799743849
04799743865
04799744041
04799744157
04799744184
04799744209
04799744313
04799744332
04799744355
04799744363
04799744464
04799744476
04799744478
04799744486
04799744575
04799744588
04799744604
04799744639
04799744641
04799744662
04799744806
04799745084
04799745165
04799745166
04799745210
04799745223
04799745233
04799745238
04799745249
04799745266
04799745269
04799745282
04799745305
04799745311
04799745329
04799745369
04799745372
04799745379
04799745390
04799745414
04799745459
04799745469
04799745585
04799745619
04799745623
04799745642
04799745691
04799745694
04799745714
04799745755
04799745764
04799745795
04799745853
04799745912
04799746287
04799746349
04799746399
04799746471
04799746472
04799746587
04799746599
04799746754
04799746839
04799747017
04799747030
04799747092
04799747124
04799747156
04799747158
04799747224
04799747275
04799747292
04799747342
04799747420
04799747456
04799747472
04799747481
04799747488
04799747512
04799747520
04799747654
04799747694
04799747757
04799747831
04799747879
04799747994
04799747999
04799748005
04799748006
04799748008
04799748009
04799748105
04799748180
04799748311
04799748368
04799748374
04799748401
04799748530
04799748611
04799748691
04799748719
04799748749
04799748790
04799748801
04799748808
04799748835
04799748836
04799748895
04799748948
04799748985
04799749137
04799749157
04799749196
04799749201
04799749257
04799749261
04799749279
04799749306
04799749317
04799749333
04799749346
04799749388
04799749411
04799749455
04799749462
04799749481
04799749573
04799749590
04799749598
04799749599
04799749615
04799749719
04799749734
04799749759
04799749842
04799749866
04799749885
04799749886
04799749957
04799749963
04799749966
04799757104
04799757755
04799768001
04799772885
04799773465
04799775958
04799779038
04799779729
04799779824
04799784527
04799784536
04799786544
04799787681
04799788433
04799790070
04799790106
04799790182
04799790257
04799790380
04799790401
04799790434
04799790496
04799790513
04799790672
04799790711
04799790712
04799790792
04799790925
04799791002
04799791072
04799791117
04799791146
04799791150
04799791210
04799791215
04799791279
04799791331
04799791430
04799791493
04799791547
04799791550
04799791582
04799791649
04799791663
04799791729
04799791775
04799791779
04799791788
04799792055
04799792070
04799792115
04799792123
04799792162
04799792185
04799792238
04799792282
04799792301
04799792352
04799792361
04799792412
04799792492
04799792836
04799792888
04799792894
04799792957
04799793007
04799793271
04799793309
04799793353
04799793573
04799793601
04799793647
04799793705
04799795356
04799795423
04799795829
04799795940
04799796020
04799796439
04799796545
04799796736
04799796784
04799796839
04799796860
04799796945
04799797110
04799797135
04799797136
04799797183
04799797217
04799797220
04799797274
04799797290
04799797324
04799797529
04799797565
04799797574
04799797596
04799797784
04799797991
04799797994
04799798046
04799798209
04799798378
04799798465
04799798633
04799798638
04799798699
04799798701
04799798710
04799798790
04799798813
04799798867
04799798889
04799799080
04799799146
04799799152
04799799327
04799799335
04799799338
04799799343
04799799418
04799799522
04799799724
04799799729
04799799733
04799799779
04799799862
04799799935
