MSISDN
45014131
45014140
45014146
45014149
45014151
45014157
45014160
45014166
45014174
45014176
45014177
45014181
45014185
45014191
45014197
45014199
45014200
45014201
45014205
45014209
45014216
45014229
45014234
45014235
45014236
45014237
45014239
45014245
45014246
45014249
45014253
45014256
45014259
45014261
45014262
45014265
45014267
45014273
45014274
45014280
45014289
45014292
45014314
45014315
45014317
45014323
45014330
45014337
45014338
45014345
45014348
45014349
45014353
45014356
45014358
45014360
45014363
45014376
45014378
45014395
45014399
45014401
45014405
45014406
45014409
45014410
45014413
45014416
45014425
45014426
45014428
45014431
45014435
45014438
45014445
45014447
45014448
45014457
45014458
45014461
45014471
45014476
45014478
45014488
45014489
45014491
45014494
45014495
45014498
45014500
45014502
45014510
45014511
45014513
45014514
45014516
45014522
45014523
45014524
45014535
45014539
45014542
45014545
45014551
45014562
45014565
45014568
45014569
45014579
45014581
45014591
45014595
45014598
45014602
45014603
45014612
45014613
45014614
45014615
45014616
45014623
45014625
45014628
45014637
45014639
45014643
45014645
45014647
45014650
45014651
45014652
45014654
45014655
45014664
45014672
45014674
45014676
45014680
45014682
45014683
45014687
45014688
45014690
45014694
45014695
45014697
45014698
45014700
45014704
45014709
45014711
45014714
45014718
45014723
45014725
45014727
45014730
45014731
45014732
45014735
45014737
45014739
45014746
45014750
45014753
45014759
45014766
45014769
45014773
45014778
45014786
45014788
45014792
45014793
45014802
45014803
45014806
45014810
45014811
45014813
45014816
45014827
45014829
45014832
45014837
45014839
45014843
45014846
45014850
45014852
45014859
45014874
45014879
45014881
45014882
45014886
45014893
45014898
45014899
45014900
45014903
45014907
45014912
45014914
45014918
45014919
45014922
45014925
45014930
45014932
45014937
45014946
45014950
45014952
45014953
45014955
45014957
45014958
45014959
45014961
45014972
45014973
45014975
45014977
45014978
45014987
45014991
45014993
45014995
45015050
45015051
45016000
45019933
45020032
45020057
45020062
45020097
45020121
45020147
45020169
45020243
45020272
45020277
45020317
45020320
45020353
45020462
45020464
45020480
45020481
45020544
45020562
45020571
45020593
45020595
45020607
45020667
45020679
45020692
45020708
45020711
45020735
45020760
45020817
45020836
45020862
45020947
45020957
45020970
45021024
45021027
45021042
45021045
45021099
45021122
45021128
45021203
45021218
45021256
45021274
45021293
45021303
45021311
45021325
45021344
45021506
45021556
45021561
45021600
45021606
45021631
45021659
45021680
45021717
45021737
45021743
45021775
45021779
45021793
45021823
45021838
45021847
45021868
45021886
45021916
45021922
45021924
45021925
45021944
45021996
45022082
45022098
45022107
45022114
45022140
45022178
45022206
45022219
45022221
45022231
45022247
45022251
45022273
45022357
45022363
45022521
45022523
45022524
45022565
45022579
45022608
45022613
45022683
45022710
45022715
45022733
45022744
45022756
45022776
45022824
45022850
45022884
45022889
45022891
45022906
45022950
45022965
45022972
45023001
45023036
45023109
45023110
45023120
45023148
45023178
45023205
45023233
45023257
45023260
45023278
45023314
45023397
45023410
45023434
45023489
45023503
45023511
45023599
45023608
45023616
45023625
45023643
45023657
45023668
45023741
45023773
45023780
45023792
45023820
45023830
45023833
45023856
45023861
45023876
45023895
45023902
45023984
45023996
45024025
45024034
45024082
45024165
45024181
45024219
45024226
45024271
45024295
45024434
45024446
45024453
45024478
45024484
45024515
45024559
45024564
45024591
45024595
45024632
45024658
45024683
45024696
45024714
45024802
45024812
45024857
45024900
45024906
45024907
45024958
45024968
45024978
45025034
45025036
45025044
45025065
45025071
45025076
45025230
45025232
45025234
45025241
45025243
45025250
45025289
45025298
45025327
45025369
45025377
45025386
45025388
45025427
45025449
45025472
45025520
45025528
45025568
45025572
45025599
45025632
45025649
45025678
45025695
45025728
45025736
45025748
45025765
45025790
45025804
45025809
45025815
45025827
45025832
45025871
45025889
45025904
45025907
45025909
45025929
45025991
45025997
45026086
45026521
45027002
45027011
45027068
45027076
45027117
45027136
45027139
45027212
45027299
45027392
45027404
45027443
45027530
45027583
45027633
45027640
45027717
45027789
45027851
45027864
45027909
45028017
45028030
45028040
45028563
45028617
45028622
45028754
45028825
45030009
45030103
45030146
45030165
45030229
45030264
45030273
45030370
45030385
45030389
45030411
45030424
45030425
45030442
45030465
45030523
45030600
45030630
45030656
45030669
45030742
45030812
45030820
45030825
45030865
45030886
45030904
45030966
45030968
45030977
45030985
45031046
45031068
45031109
45031110
45031155
45031156
45031162
45031172
45031179
45031250
45031278
45031309
45031381
45031384
45031416
45031439
45031492
45031535
45032009
45032026
45032047
45032166
45032188
45032237
45032283
45032346
45032372
45032435
45032483
45032497
45032527
45032542
45032562
45032627
45032671
45032689
45032723
45032771
45032784
45032799
45032887
45032888
45032893
45032972
45032977
45032984
45033016
45033034
45033042
45033062
45033083
45033159
45033177
45033204
45033214
45033225
45033326
45033344
45033345
45033348
45033444
45033461
45033504
45033515
45033537
45033541
45033554
45033624
45033638
45033679
45033702
45033735
45033769
45033772
45033773
45033850
45033873
45033925
45033931
45033939
45034009
45034011
45034023
45034031
45034062
45034081
45034087
45034101
45034175
45034236
45034247
45034271
45034313
45034326
45034327
45034364
45034418
45034431
45034444
45034477
45034484
45034539
45034547
45034553
45034593
45034600
45034617
45034623
45034629
45034683
45034708
45034741
45034759
45034775
45034846
45034849
45034850
45034959
45034968
45035007
45035059
45035074
45035079
45035081
45035156
45035158
45035167
45035208
45035216
45035289
45035298
45035304
45035321
45035334
45035377
45035389
45035400
45035468
45035501
45035519
45035631
45035704
45035803
45035857
45035876
45035887
45035890
45035917
45035929
45035994
45036033
45036048
45036065
45036076
45036091
45036130
45036195
45036214
45036239
45036241
45036252
45036291
45036307
45036312
45036336
45036339
45036377
45036379
45036411
45036477
45036505
45036535
45036558
45036560
45036593
45036606
45036658
45036672
45036697
45036780
45036785
45036786
45036790
45036798
45036843
45036873
45036885
45036911
45036917
45036933
45036942
45036943
45036967
45037001
45037072
45037082
45037107
45037145
45037147
45037267
45037278
45037300
45037334
45037371
45037374
45037376
45037388
45037418
45037419
45037434
45037469
45037476
45037495
45037519
45037531
45037542
45037546
45037548
45037582
45037624
45037633
45037644
45037658
45037670
45037699
45037720
45037721
45037745
45037781
45037784
45037788
45037801
45037805
45037813
45037824
45037960
45037999
45038031
45038090
45038092
45038115
45038225
45038353
45038388
45038700
45038807
45038857
45038968
45038970
45038973
45038993
45039016
45039028
45039079
45039083
45039092
45039120
45039123
45039190
45039261
45039287
45039290
45039296
45039319
45039343
45039345
45039350
45039354
45039373
45039418
45039445
45039462
45039562
45039581
45039597
45039598
45039619
45039639
45039676
45039685
45039695
45039756
45039778
45039780
45039792
45039833
45039838
45039839
45039857
45039908
45039915
45039988
45042850
45043002
45043019
45043021
45043042
45043047
45043060
45043063
45043064
45043076
45043078
45043122
45043128
45043130
45043135
45043168
45043189
45043203
45043222
45043226
45043232
45043255
45043259
45043278
45043304
45043352
45043402
45043403
45043415
45043490
45043511
45043576
45043583
45043588
45043644
45043669
45043725
45043760
45043761
45043774
45043805
45043815
45043823
45043839
45043841
45043896
45043899
45043922
45043925
45043976
45044051
45044053
45044067
45044091
45044105
45044110
45044227
45044230
45044257
45044264
45044285
45044292
45044294
45044338
45044345
45044376
45044380
45044391
45044429
45044444
45044452
45044458
45044546
45044609
45044629
45044636
45044648
45044669
45044676
45044729
45044737
45044744
45044777
45044823
45044828
45044829
45044840
45044846
45044847
45044862
45044914
45044923
45044931
45044970
45045555
45046007
45046026
45046201
45046264
45046310
45046389
45046432
45046438
45046504
45046639
45046659
45046680
45046738
45046743
45046795
45046841
45046852
45046860
45046865
45046877
45046975
45046994
45047291
45047576
45047596
45047737
45047974
45047981
45047986
45047987
45047992
45047993
45048010
45048012
45048013
45048017
45048023
45048024
45048028
45048032
45048038
45048040
45048049
45048055
45048056
45048058
45048061
45048062
45048064
45048080
45048084
45048085
45048088
45048093
45048095
45048100
45048101
45048105
45048106
45048108
45048111
45048117
45048125
45048126
45048128
45048129
45048130
45048131
45048140
45048141
45048148
45048150
45048155
45048157
45048158
45048159
45048160
45048163
45048167
45048168
45048173
45048174
45048175
45048184
45048186
45048188
45048189
45048190
45048194
45048195
45048199
45048203
45048204
45048206
45048212
45048213
45048214
45048215
45048217
45048218
45048219
45048228
45048231
45048232
45048235
45048236
45048238
45048240
45048248
45048253
45048261
45048262
45048263
45048268
45048270
45048271
45048272
45048282
45048287
45048288
45048289
45048293
45048295
45048298
45048299
45048304
45048306
45048311
45048313
45048317
45048323
45048324
45048336
45048337
45048341
45048348
45048361
45048363
45048367
45048373
45048380
45048381
45048385
45048386
45048393
45048400
45048401
45048409
45048411
45048420
45048432
45048444
45048447
45048452
45048453
45048455
45048456
45048459
45048461
45048464
45048465
45048469
45048477
45048479
45048480
45048481
45048483
45048484
45048487
45048488
45048490
45048492
45048498
45048513
45048514
45048516
45048517
45048518
45048520
45048525
45048526
45048527
45048528
45048531
45048545
45048550
45048552
45048553
45048555
45048557
45048558
45048563
45048564
45048566
45048567
45048572
45048574
45048578
45048580
45048582
45048583
45048585
45048590
45048600
45048602
45048603
45048604
45048609
45048610
45048613
45048620
45048621
45048624
45048625
45048626
45048640
45048641
45048642
45048643
45048644
45048657
45048666
45048670
45048679
45048680
45048689
45048690
45048692
45048693
45048699
45048702
45048708
45048712
45048715
45048720
45048721
45048722
45048723
45048724
45048726
45048727
45048732
45048734
45048735
45048740
45048741
45048744
45048745
45048747
45048748
45048752
45048754
45048759
45048762
45048763
45048768
45048769
45048771
45048772
45048778
45048779
45048780
45048783
45048784
45048786
45048792
45048800
45048801
45048819
45048820
45048825
45048826
45048828
45048829
45048835
45048838
45048839
45048840
45048847
45048848
45048850
45048851
45048857
45048858
45048859
45048860
45048861
45048862
45048863
45048867
45048869
45048871
45048872
45048873
45048874
45048883
45048885
45048888
45048890
45048892
45048895
45048898
45048899
45048900
45048902
45048904
45048906
45048910
45048914
45048932
45048941
45048942
45048943
45048944
45048945
45048948
45048958
45048959
45048964
45048966
45048970
45048974
45048975
45048978
45048980
45048985
45048991
45048997
45048999
45049004
45049010
45049011
45049012
45049018
45049022
45049025
45049026
45049028
45049032
45049033
45049037
45049038
45049048
45049059
45049065
45049068
45049073
45049074
45049080
45049085
45049089
45049094
45049095
45049100
45049101
45049104
45049105
45049114
45049115
45049121
45049123
45049127
45049151
45049157
45049159
45049160
45049162
45049163
45049172
45049176
45049178
45049179
45049180
45049186
45049189
45049195
45049196
45049210
45049217
45049220
45049224
45049225
45049229
45049230
45049233
45049237
45049239
45049245
45049253
45049256
45049258
45049259
45049262
45049269
45049271
45049275
45049276
45049280
45049290
45049291
45049295
45049303
45049305
45049309
45049312
45049314
45049325
45049335
45049339
45049341
45049345
45049347
45049349
45049350
45049363
45049366
45049369
45049370
45049373
45049381
45049386
45049389
45049391
45049393
45049400
45049401
45049404
45049409
45049417
45049421
45049429
45049430
45049434
45049435
45049436
45049442
45049448
45049449
45049460
45049463
45049465
45049470
45049476
45049478
45049481
45049483
45049484
45049485
45049490
45049493
45049494
45049504
45049506
45049512
45049515
45049517
45049523
45049526
45049527
45049529
45049530
45049536
45049540
45049541
45049545
45049549
45049561
45049565
45049566
45049568
45049570
45049574
45049580
45049584
45049586
45049592
45049598
45049600
45049604
45049609
45049613
45049617
45049620
45049627
45049628
45049629
45049633
45049635
45049636
45049637
45049639
45049640
45049641
45049642
45049643
45049661
45049665
45049671
45049674
45049678
45049679
45049692
45049697
45049704
45049705
45049707
45049708
45049717
45049722
45049723
45049728
45049729
45049732
45049736
45049737
45049738
45049739
45049744
45049754
45049756
45049763
45049764
45049768
45049769
45049772
45049775
45049778
45049787
45049790
45049791
45049793
45049805
45049806
45049807
45049811
45049813
45049815
45049817
45049819
45049820
45049821
45049823
45049829
45049830
45049831
45049833
45049839
45049840
45049841
45049843
45049844
45049845
45049847
45049849
45049850
45049855
45049857
45049860
45049862
45049868
45049871
45049872
45049874
45049880
45049882
45049883
45049888
45049891
45049894
45049897
45049898
45049902
45049915
45049916
45049924
45049927
45049929
45049931
45049936
45049947
45049948
45049951
45049958
45049962
45049984
45049987
45049988
45049995
45050006
45050009
45050010
45050012
45050013
45050014
45050015
45050023
45050024
45050026
45050028
45050034
45050048
45050050
45050056
45050058
45050060
45050064
45050071
45050074
45050505
45050522
45053450
45060001
45065059
45065398
45066004
45066089
45066120
45066160
45066435
45066436
45066636
45066938
45066968
45077777
45079985
45081836
45094526
45094544
45094545
45094547
45094548
45094549
45094563
45094564
45094565
45094580
45094582
45094586
45094588
45094595
45094597
45094599
45094600
45094606
45094609
45094615
45094625
45094630
45094631
45094632
45094633
45094637
45094651
45094653
45094654
45094659
45094661
45094663
45094674
45094676
45094679
45094687
45094702
45094704
45094711
45094715
45094720
45094723
45094735
45094739
45094740
45094741
45094743
45094744
45094746
45094749
45094759
45094760
45094764
45094765
45094768
45094770
45094771
45094775
45094778
45094785
45094786
45094790
45094791
45094795
45094796
45094811
45094812
45094813
45094819
45094821
45094826
45094832
45094835
45094836
45094838
45094839
45094840
45094841
45094850
45094852
45094861
45094864
45094874
45094888
45094894
45094897
45094898
45094901
45094909
45094917
45094918
45094919
45094921
45094938
45094940
45094943
45094947
45094948
45094955
45094956
45094961
45094964
45094975
45094976
45094989
45094992
45094994
45094995
45095005
45095006
45095007
45095008
45095017
45095019
45095022
45095026
45095027
45095032
45095037
45095038
45095043
45095046
45095052
45095053
45095054
45095064
45095068
45095071
45095075
45095083
45095090
45095092
45095093
45095094
45095096
45095097
45095098
45095103
45095104
45095106
45095123
45095126
45095129
45095133
45095134
45095137
45095144
45095146
45095147
45095148
45095150
45095152
45095160
45095161
45095168
45095170
45095175
45095176
45095178
45095181
45095182
45095184
45095188
45095191
45095193
45095194
45095201
45095204
45095208
45095210
45095211
45095213
45095215
45095217
45095218
45095219
45095222
45095226
45095234
45095238
45095239
45095242
45095243
45095247
45095252
45095255
45095257
45095264
45095267
45095269
45095274
45095281
45095282
45095285
45095286
45095288
45095289
45095290
45095291
45095294
45095296
45095297
45095299
45200148
45200245
45200265
45201052
45201406
45201737
45201870
45202645
45202714
45204526
45205137
45205705
45205847
45205981
45206018
45206120
45206285
45208061
45208336
45209077
45209160
45209436
45210413
45210859
45211790
45211803
45212959
45213443
45213740
45214315
45214855
45214863
45215675
45215766
45217138
45217724
45218028
45219405
45219584
45219667
45220040
45220327
45220755
45220961
45221352
45221607
45221877
45223270
45223877
45224004
45224106
45224112
45224266
45224580
45225349
45226138
45226358
45227820
45228973
45230765
45230837
45231904
45231972
45234101
45234676
45234738
45235284
45235667
45236486
45236706
45236884
45237480
45238656
45239925
45240112
45240341
45240640
45241110
45241832
45241889
45242236
45242319
45242954
45243355
45243648
45244065
45244176
45244178
45244245
45244511
45244677
45245907
45246293
45246522
45246807
45246930
45246933
45247071
45247500
45247781
45247905
45248284
45250404
45250747
45250779
45251814
45252114
45252222
45252915
45253059
45253456
45253546
45254360
45254539
45254835
45255210
45255242
45255278
45255506
45255601
45256937
45257207
45257220
45257598
45257707
45258417
45258544
45258917
45258935
45258988
45259483
45259678
45259696
45259982
45260140
45260286
45260505
45261670
45263668
45264144
45264869
45265204
45265287
45265379
45265555
45265598
45266217
45266266
45266663
45267129
45267148
45267161
45267449
45268275
45270231
45270270
45270424
45270496
45271213
45271623
45272043
45272086
45272625
45272854
45273417
45273441
45273566
45274015
45274159
45275648
45276141
45276253
45276654
45276990
45277530
45278393
45279900
45280775
45281266
45281459
45281541
45281792
45281894
45282420
45282911
45283002
45283178
45283306
45284956
45284963
45285013
45286740
45287319
45287773
45289310
45289712
45289913
45290192
45293250
45293770
45293786
45293884
45293902
45294764
45294902
45294930
45295171
45295894
45296046
45298566
45298919
45299030
45299609
45299721
45299948
45402071
45402094
45402804
45402869
45402980
45403078
45406727
45407028
45412841
45413408
45414356
45415041
45420922
45421015
45421182
45421368
45422804
45423764
45426010
45426081
45426521
45426574
45427122
45427542
45427655
45427766
45427990
45428024
45428742
45428835
45428971
45429298
45429671
45430235
45431300
45431597
45432563
45432572
45433245
45433317
45433522
45433964
45435291
45436194
45436918
45437134
45437202
45437224
45437510
45438658
45438662
45439156
45439520
45439970
45440627
45441200
45441785
45442323
45442614
45443389
45443647
45444822
45444931
45445130
45445423
45445850
45445888
45446216
45446437
45446822
45448464
45449152
45449191
45449352
45449832
45450194
45450262
45450583
45450614
45450850
45451227
45451233
45451541
45451608
45451723
45451775
45452274
45452298
45452592
45452888
45453490
45453501
45453536
45453548
45453840
45454109
45454283
45454567
45456060
45456116
45456736
45458399
45458519
45458827
45460620
45461376
45461465
45461764
45461789
45461821
45461872
45462192
45462572
45462754
45467884
45469990
45470589
45470606
45471383
45471751
45472597
45474023
45476186
45476238
45478967
45479276
45480581
45600199
45600760
45600824
45600958
45601303
45601449
45601718
45601825
45601856
45601983
45602023
45602045
45602157
45602604
45602629
45602696
45603215
45603244
45603358
45603521
45604362
45604955
45605200
45605299
45605646
45605675
45606002
45606433
45606669
45606715
45607066
45608438
45608608
45608752
45610055
45610212
45610778
45611944
45612084
45612134
45612290
45612319
45612437
45612478
45613575
45613620
45613701
45613950
45614335
45614386
45614415
45615130
45615150
45615665
45616147
45617100
45617404
45617409
45617835
45619283
45631824
45633099
45633535
45634708
45661790
45890442
46461314
46468353
47010060
47010065
47010095
47010140
47010170
47010194
47010255
47010288
47010394
47010406
47010411
47010422
47010447
47010497
47010526
47010538
47010540
47010595
47010602
47010607
47010638
47010652
47010751
47010752
47010756
47010773
47010830
47010868
47010871
47010892
47010903
47011030
47011037
47011070
47011071
47011075
47011125
47011130
47011168
47011198
47011203
47011297
47011344
47011399
47011502
47011508
47011557
47011596
47011597
47011658
47011694
47011696
47011707
47011721
47011726
47011774
47011809
47011882
47011918
47011923
47011962
47012045
47012083
47012124
47012149
47012155
47012166
47012234
47012304
47012373
47012401
47012447
47012474
47012480
47012491
47012534
47012551
47012563
47012608
47012661
47012671
47012674
47012691
47012719
47012726
47012747
47013423
47013438
47013486
47013558
47013601
47013626
47013653
47013720
47013751
47013792
47013840
47013868
47013896
47013911
47013930
47013964
47013977
47014056
47014057
47014069
47014127
47014131
47014137
47014155
47014353
47014359
47014366
47014377
47014384
47014389
47014499
47014502
47014526
47014534
47014550
47014577
47014640
47014647
47014666
47014704
47014709
47014718
47014722
47014739
47014763
47014775
47014820
47014879
47014908
47014917
47014950
47014987
47014995
47015091
47015128
47015160
47015200
47015231
47015277
47015282
47015405
47015425
47015431
47015436
47015440
47015459
47015460
47015464
47015484
47015487
47015512
47015538
47015547
47015553
47015587
47015590
47015591
47015600
47015657
47015674
47015690
47015715
47015721
47015746
47015759
47015763
47015797
47015799
47015806
47015810
47015813
47015828
47015830
47016025
47016052
47016056
47016057
47016161
47016179
47016450
47016465
47016476
47016482
47016513
47016546
47016571
47016598
47016604
47016615
47016619
47016621
47016624
47016634
47016637
47016649
47016670
47016703
47016704
47016730
47016735
47017028
47017114
47017144
47017178
47017208
47017217
47017245
47017310
47017336
47017391
47017395
47017411
47017525
47017527
47017551
47017572
47017573
47017574
47017583
47017594
47017633
47017648
47017658
47017661
47017729
47017731
47017749
47017812
47017813
47017841
47017863
47017870
47017897
47017909
47017962
47017964
47017999
47018010
47018020
47018029
47018062
47018063
47018067
47018070
47018126
47018185
47018258
47018271
47018280
47018305
47018327
47018355
47018360
47018432
47018437
47018465
47018500
47018525
47018532
47018554
47018567
47018587
47018599
47018620
47018623
47018637
47018640
47018655
47018658
47018665
47018688
47018693
47018746
47018759
47018854
47018898
47018924
47018936
47018952
47018992
47019099
47019107
47019114
47019165
47019208
47019212
47019216
47019343
47019348
47019355
47019377
47019394
47019484
47019502
47019533
47019556
47019586
47019610
47019622
47019633
47019655
47019667
47019684
47019698
47019703
47019718
47019730
47019740
47019767
47019791
47019799
47020076
47020085
47020181
47020192
47020227
47020250
47020255
47020287
47020299
47020382
47020420
47020427
47020432
47020434
47020443
47020483
47020515
47020522
47020523
47020534
47020545
47020549
47020551
47020573
47020596
47020616
47020628
47020644
47020647
47020649
47020651
47020718
47020757
47020762
47020806
47020807
47020813
47020818
47020824
47020827
47020833
47020837
47020860
47020887
47020891
47020928
47020969
47020975
47020985
47021000
47021021
47021022
47021032
47021111
47021134
47021280
47021344
47021346
47021355
47021375
47021440
47021453
47021460
47021501
47021528
47021543
47021560
47021582
47021608
47021628
47021634
47021653
47021654
47021661
47021701
47021789
47021791
47021812
47021965
47021997
47022115
47022213
47022258
47022302
47022313
47022315
47022316
47022345
47022358
47022370
47022440
47022471
47022473
47022504
47022508
47022632
47022652
47022653
47022655
47022686
47022693
47022704
47022716
47022721
47022793
47022795
47022815
47022828
47022884
47022935
47022953
47022994
47023069
47023151
47023166
47023175
47023295
47023315
47023318
47023323
47023336
47023347
47023365
47023373
47023390
47023415
47023418
47023419
47023427
47023435
47023436
47023454
47023475
47023505
47023512
47023528
47023550
47023556
47023557
47023563
47023582
47023583
47023601
47023615
47023627
47023642
47023645
47023653
47023681
47023783
47023795
47023811
47023818
47023832
47023855
47023861
47023867
47023881
47023896
47023898
47023909
47024058
47024084
47024090
47024172
47024185
47024227
47024475
47024489
47024565
47024588
47024590
47024626
47024629
47024641
47024643
47024664
47024674
47024676
47024775
47024777
47024807
47024823
47024856
47024882
47024911
47024912
47024986
47024995
47025018
47025036
47025219
47025239
47025262
47025292
47025333
47025378
47025392
47025445
47025447
47025449
47025456
47025504
47025535
47025539
47025551
47025558
47025568
47025577
47025584
47025592
47025599
47025607
47025610
47025620
47025635
47025648
47025649
47025690
47025710
47025713
47025717
47025724
47025746
47025796
47025800
47025802
47025814
47025820
47025885
47025901
47025902
47025912
47025920
47025936
47025937
47025946
47025953
47025954
47026029
47026031
47026223
47026246
47026247
47026262
47026282
47026285
47026300
47026303
47026381
47026401
47026444
47026498
47026501
47026514
47026518
47026520
47026547
47026603
47026607
47026628
47026698
47026706
47026859
47026881
47026888
47026893
47026900
47026914
47026931
47026945
47026948
47026971
47026972
47026981
47027044
47027050
47027130
47027211
47027212
47027219
47027228
47027279
47027292
47027324
47027329
47027345
47027412
47027443
47027450
47027485
47027493
47027542
47027562
47027564
47027597
47027602
47027612
47027613
47027659
47027704
47027708
47027717
47027729
47027800
47027808
47027827
47027840
47027854
47027865
47027892
47027914
47027967
47028016
47028028
47028037
47028038
47028049
47028050
47028104
47028126
47028131
47028188
47028223
47028231
47028381
47028404
47028406
47028416
47028453
47028464
47028511
47028524
47028652
47028677
47028690
47028710
47028716
47028719
47028720
47028792
47028845
47028867
47028873
47028885
47028888
47028940
47028964
47028965
47028966
47028972
47028994
47028996
47029006
47029041
47029044
47029063
47029108
47029126
47029128
47029136
47029177
47029212
47029304
47029318
47029343
47029357
47029411
47029664
47029671
47029674
47029712
47029719
47029730
47029749
47029807
47029833
47029855
47030876
47030877
47030903
47031031
47031070
47031145
47031150
47031228
47031259
47031316
47031324
47031615
47031626
47031630
47031744
47031757
47031768
47031769
47032223
47032247
47032265
47032267
47032321
47032332
47032385
47032437
47032445
47032479
47032514
47032551
47032569
47032624
47032698
47032701
47032802
47032806
47032826
47032845
47032849
47032874
47032883
47032897
47032903
47032905
47032941
47032944
47032962
47032968
47033060
47033134
47033135
47034054
47034160
47034207
47034266
47034270
47034285
47034426
47034432
47034439
47034472
47034567
47034574
47034581
47035222
47035549
47035550
47035655
47035659
47035721
47035790
47035841
47035888
47036011
47036100
47036166
47036677
47036690
47036800
47036917
47037202
47037325
47037863
47037881
47037901
47038088
47038407
47038427
47038500
47038507
47038524
47038540
47038541
47038544
47038546
47038566
47038568
47038569
47038890
47038973
47038989
47039249
47039268
47039287
47039297
47039302
47039310
47039344
47039357
47039371
47039373
47039439
47039462
47039474
47039625
47039651
47039754
47039785
47039786
47039809
47039813
47039830
47039840
47039860
47039905
47039953
47040124
47040164
47040250
47040300
47040304
47040306
47040308
47040309
47040331
47040359
47040380
47040402
47040404
47040463
47040479
47040542
47040632
47040633
47040638
47040639
47040669
47040698
47040719
47040726
47040733
47040740
47040741
47040763
47040768
47040775
47040806
47040808
47040824
47040867
47040897
47040908
47040929
47040969
47040998
47040999
47041007
47041011
47041021
47041024
47041030
47041035
47041055
47041130
47041158
47041168
47041172
47041208
47041213
47041217
47041254
47041278
47041283
47041291
47041293
47041325
47041398
47041423
47041487
47041522
47041535
47041537
47041556
47041569
47041575
47041587
47041590
47041604
47041609
47041615
47041652
47041663
47041678
47041685
47041698
47041750
47041763
47041798
47041799
47041827
47041863
47041881
47041891
47041929
47041943
47041996
47042001
47042005
47042014
47042021
47042025
47042029
47042078
47042092
47042097
47042098
47042106
47042120
47042132
47042146
47042179
47042409
47042421
47043200
47043280
47043300
47043488
47043497
47043717
47043731
47043755
47043757
47043792
47043794
47043820
47043873
47043875
47043884
47043890
47043904
47044270
47047040
47047300
47047900
47049000
47049090
47050342
47050558
47051127
47051972
47052458
47052499
47052580
47054613
47055759
47056006
47057500
47057831
47058003
47058300
47058374
47058583
47063431
47063665
47064419
47066968
47068144
47070967
47071845
47073302
47076259
47078697
47083831
47084965
47085907
47086446
47086988
47087483
47087490
47088503
47090536
47091781
47096650
47096963
47097395
47098769
47230289
47230641
47232164
47232206
47232216
47232559
47232928
47234159
47235213
47238016
47240286
47240519
47240839
47240883
47253707
47253800
47258224
47259699
47260792
47262931
47265493
47276159
47277556
47292485
47292874
47297164
47297843
47302525
47307991
47334371
47336572
47338245
47339043
47400075
47400251
47400294
47400315
47400755
47400804
47400952
47401070
47401246
47404740
47408621
47414525
47415039
47415337
47415543
47510073
47510122
47511374
47511388
47601888
47602190
47602766
47605036
47606625
47606795
47607587
47608470
47610633
47614401
47614935
47615535
47615592
47618206
47618267
47618371
47618775
47619321
47621484
47622521
47624496
47626617
47627563
47627565
47628754
47629390
47629944
47630610
47630948
47632054
47632479
47633028
47633400
47633532
47634293
47634417
47634441
47635555
47635868
47636372
47636451
47638326
47638477
47638660
47639632
47639729
47639880
47640503
47640611
47640640
47641187
47641364
47642558
47642668
47642758
47643551
47644284
47644754
47646007
47646106
47646660
47647431
47648046
47648335
47648522
47648684
47648911
47649758
47650357
47651080
47652627
47654467
47654575
47656329
47656609
47657255
47657605
47658729
47658850
47659804
47660335
47660473
47660602
47661249
47663628
47664248
47664764
47665122
47665545
47665767
47665980
47666407
47666679
47666830
47666950
47667051
47667442
47667880
47668171
47673886
47750275
47750355
47750433
47750466
47750809
47751214
47751237
47751855
47752147
47752691
47753650
47753886
47753896
47754101
47754180
47755136
47756268
47756373
47757120
47757325
47757481
47757503
47757719
47757721
47757838
47757985
47758381
47758401
47758599
47759959
47760580
47760703
47769634
47800421
47807317
47833969
47859944
47863115
47872553
47901083
47905629
47909690
48000482
48001665
48001902
48002180
48002263
48002375
48002692
48003021
48003496
48003792
48004065
48004555
48004767
48004817
48004853
48005082
48005679
48005904
48005969
48006397
48006797
48006953
48008127
48008170
48008425
48008475
48008572
48009295
48009353
48009385
48009478
48009940
48009944
48020363
48020849
48021175
48021414
48021799
48021954
48022228
48022545
48022682
48023025
48023290
48023315
48023743
48023906
48024904
48025030
48025465
48026002
48026495
48026837
48027180
48027286
48028032
48028199
48028587
48028600
48028710
48028940
48029158
48029397
48030174
48031309
48032084
48032115
48032282
48032995
48034919
48035184
48035311
48035490
48035851
48036034
48036918
48037865
48038104
48038842
48038999
48039341
48039539
48039716
48040443
48040631
48040786
48040811
48041030
48041542
48041845
48042353
48042794
48043267
48044930
48045420
48045686
48045982
48046321
48046401
48047251
48047453
48047481
48048389
48048954
48049583
48049731
48050743
48051022
48051241
48051344
48051410
48052527
48052625
48052804
48052806
48053113
48053488
48054102
48054659
48054861
48055250
48056227
48056453
48057789
48058235
48058939
48059160
48059961
48060748
48061477
48062157
48062394
48062586
48062926
48062983
48063449
48063470
48064021
48064097
48065152
48067028
48067304
48070633
48071786
48071934
48072356
48072744
48073612
48073711
48073722
48073865
48073907
48074036
48074411
48074535
48074847
48075222
48075240
48075567
48076033
48076734
48077811
48077830
48078091
48079019
48079044
48079587
48079609
48079993
48085145
48085535
48089337
48089868
48090064
48090142
48091092
48091447
48091627
48092337
48092486
48092725
48093578
48096141
48096161
48096287
48096476
48096818
48097996
48098673
48099305
48100560
48101005
48101212
48102446
48103134
48103166
48103589
48103641
48103755
48104180
48104603
48105157
48106003
48106074
48106085
48106676
48106730
48107780
48108336
48108627
48109567
48109627
48109652
48109742
48109753
48109989
48110086
48110180
48110578
48110660
48110662
48110787
48110924
48111804
48111958
48112395
48112648
48112677
48113439
48113761
48114017
48114082
48114287
48115192
48116814
48117320
48117477
48117534
48117616
48117676
48118408
48118444
48118464
48118922
48118934
48119127
48119155
48121153
48121468
48121550
48121570
48121600
48121752
48122804
48122823
48122906
48123529
48123952
48124043
48124061
48124968
48125111
48125292
48125692
48125976
48126083
48126108
48126416
48126889
48127025
48127940
48128598
48129010
48129426
48130064
48130687
48130874
48130962
48132122
48132558
48133859
48134204
48134623
48135916
48136204
48136518
48136834
48136848
48137567
48137631
48137953
48138179
48138816
48138913
48139572
48139812
48139889
48140302
48140566
48140806
48140809
48140865
48141024
48141094
48141132
48141883
48142091
48142112
48142126
48142230
48142355
48142665
48142912
48142950
48143072
48143099
48143386
48143470
48143987
48144153
48144248
48144350
48145245
48145577
48145975
48146107
48146546
48147197
48147722
48148029
48148840
48149159
48149288
48149422
48149694
48151052
48151369
48151826
48151981
48152268
48152604
48152853
48153345
48153489
48153944
48154670
48155210
48155424
48156084
48156625
48156930
48157033
48157062
48157900
48158425
48158774
48158941
48159142
48159147
48159212
48159437
48159597
48161849
48170457
48170935
48172092
48172777
48173502
48173855
48174208
48175395
48175610
48175757
48177810
48178335
48179138
48180643
48180653
48181178
48181210
48181438
48181445
48181872
48182160
48182165
48182256
48182618
48183092
48183169
48183663
48183730
48183881
48184804
48185417
48185453
48185598
48185878
48186047
48186430
48187108
48188186
48188334
48188366
48189962
48190775
48191282
48191333
48191351
48191586
48193182
48193717
48193864
48194972
48195406
48197717
48198165
48198181
48198488
48199286
48199364
48200155
48200493
48200661
48201348
48202682
48204085
48204216
48204372
48205018
48205380
48205681
48206071
48206334
48206886
48207175
48207474
48207795
48207816
48208036
48208158
48208285
48209493
48211034
48211263
48211278
48212236
48212328
48213200
48213575
48214893
48215552
48215638
48215744
48216333
48216478
48216949
48217054
48217493
48217564
48217888
48217920
48217936
48218201
48218666
48218688
48219092
48219119
48219281
48219460
48219848
48220413
48220793
48221577
48222492
48223036
48223979
48224060
48224325
48224454
48224506
48224666
48224823
48225333
48225463
48226170
48226955
48227461
48227776
48227950
48228921
48228994
48229094
48229118
48229929
48229939
48230441
48230828
48231678
48231679
48231900
48232359
48232511
48232538
48233041
48233626
48234195
48234471
48234658
48234751
48235136
48236005
48236585
48237978
48238934
48239078
48239204
48240345
48240383
48241717
48241939
48243057
48243139
48243949
48244682
48244879
48244892
48245634
48245955
48246024
48246060
48246132
48246229
48247508
48248682
48248887
48249170
48249838
48249907
48250596
48250735
48250736
48251018
48251306
48251599
48251832
48251999
48252081
48252394
48252416
48252830
48252932
48253407
48253500
48253756
48253904
48254289
48254369
48254472
48254708
48254913
48255194
48255367
48255791
48255852
48256068
48256982
48257342
48257679
48258086
48258311
48259020
48259612
48259889
48259926
48263828
48263835
48264759
48265235
48265511
48265528
48265665
48265678
48266150
48267104
48267825
48269265
48269629
48269678
48271051
48271631
48272306
48272836
48273518
48274033
48275913
48276767
48277027
48277205
48277369
48277415
48278145
48278647
48280005
48280302
48280636
48280891
48281912
48281960
48282278
48284131
48284134
48284398
48285076
48285100
48285435
48285987
48286035
48286111
48286224
48286338
48286409
48287122
48288021
48288047
48288187
48288320
48288740
48288795
48290621
48291246
48291464
48292565
48293104
48293712
48294173
48294589
48294605
48294642
48294735
48295496
48296068
48296152
48296387
48296425
48296539
48296804
48296909
48297319
48297440
48297876
48298688
48299360
48299954
48992290
90010041
90010403
90010783
90012735
90012867
90013195
90013293
90013761
90014382
90014745
90015042
90015114
90015980
90017115
90017186
90017202
90017782
90017979
90019159
90019274
90019343
90019691
90020182
90021542
90021870
90021925
90022547
90023131
90024087
90024230
90024408
90024564
90025445
90025839
90026437
90026677
90026906
90027046
90027229
90027629
90027844
90027852
90028465
90030410
90030886
90031187
90032485
90032753
90033691
90035159
90035364
90036148
90036424
90037154
90038220
90039194
90039363
90039622
90040134
90040254
90041179
90041546
90042371
90042457
90042607
90042668
90042807
90043021
90043601
90044212
90044567
90044715
90044957
90045944
90046316
90046391
90046423
90046732
90046934
90048096
90048164
90048425
90048705
90049441
90049480
90049516
90049557
90049633
90049642
90049664
90050018
90050254
90050264
90050625
90050872
90051708
90052931
90053066
90053955
90053972
90054014
90054231
90054934
90055013
90055614
90055681
90056030
90056142
90056301
90056328
90056694
90056780
90056955
90057307
90058859
90059143
90059654
90060979
90061552
90061628
90061721
90061883
90061905
90062489
90063564
90064653
90065286
90065568
90065588
90065837
90066139
90066573
90066806
90067020
90067233
90068076
90068081
90068143
90069040
90069691
90069747
90069960
90070492
90072155
90072255
90072597
90073205
90073274
90073326
90073877
90074022
90074082
90074151
90074728
90074850
90074933
90075287
90075323
90075955
90076324
90076456
90076737
90076833
90076863
90077220
90077313
90077508
90077679
90077773
90078047
90078552
90079190
90079644
90080974
90081108
90081303
90081353
90081363
90081499
90081587
90081606
90081757
90082472
90082529
90082595
90082621
90082776
90082787
90082862
90084245
90085180
90085255
90085451
90085483
90085599
90085965
90086015
90086521
90086933
90087068
90087187
90088220
90088991
90089041
90089356
90089509
90089720
90089722
90090279
90090387
90090807
90091067
90091374
90091461
90091656
90093678
90093738
90094394
90095029
90095214
90095310
90095769
90095928
90096791
90096843
90097842
90097967
90098015
90098162
90098187
90098192
90098817
90098878
90098938
90098975
90099819
90099986
90100180
90103288
90103293
90103581
90103851
90103991
90104084
90104256
90104628
90105061
90105226
90105260
90106254
90106370
90106658
90107112
90107516
90107567
90107756
90107925
90108101
90109460
90109942
90109990
90110367
90110452
90110606
90110674
90110852
90111204
90111273
90111925
90112061
90113403
90113938
90114047
90114298
90115285
90115367
90115968
90117656
90117776
90117778
90117875
90117981
90119284
90119891
90120654
90120843
90120867
90120960
90122872
90122896
90124287
90124844
90125194
90125617
90125753
90126656
90126938
90126952
90127193
90127286
90127378
90127993
90129525
90129532
90129866
90130054
90130274
90130407
90130575
90131342
90131851
90131972
90132177
90132265
90133545
90133566
90133662
90134243
90134465
90134879
90134982
90136517
90137364
90138078
90138463
90139098
90139505
90140123
90140571
90141737
90142713
90142973
90143114
90144021
90144299
90144453
90145208
90145378
90145997
90146021
90146085
90146314
90146435
90146960
90147195
90147299
90148149
90149118
90149278
90149906
90150095
90150097
90150181
90150335
90150465
90150573
90150889
90150951
90151803
90151810
90151846
90152556
90152876
90152970
90153246
90154254
90154319
90154621
90155022
90155660
90155821
90155829
90155965
90156056
90156105
90156613
90156729
90156841
90157230
90157734
90158070
90158409
90158669
90159891
90160044
90161107
90162626
90162630
90162703
90162926
90163394
90163494
90163624
90164202
90164429
90164933
90164960
90165190
90165828
90166915
90166987
90167063
90167180
90167398
90167942
90168136
90168581
90168933
90169176
90169533
90170221
90170723
90170977
90171388
90172186
90172429
90172484
90172735
90172807
90173146
90173458
90174449
90176113
90176446
90177383
90178292
90178414
90178423
90178820
90179133
90179717
90179764
90179849
90180981
90181284
90181933
90182957
90182990
90183470
90184012
90184229
90184999
90185068
90186238
90186635
90187039
90187186
90187862
90189010
90189447
90189480
90189946
90190006
90190720
90192062
90192601
90192759
90193160
90193626
90193936
90194030
90194292
90194532
90194806
90195831
90196269
90196397
90196421
90197576
90197818
90198282
90198832
90199283
90199311
90199593
90200272
90201441
90201559
90201849
90202642
90202652
90202890
90202896
90203193
90203212
90203514
90203941
90203977
90205708
90205785
90205906
90206434
90206574
90206842
90207654
90208590
90208790
90208843
90209539
90209546
90209714
90263214
90281320
90500147
90500303
90500899
90501505
90501614
90502170
90502188
90502311
90502596
90502624
90502908
90503045
90503063
90503124
90504218
90504452
90504940
90504958
90505361
90505793
90506246
90507396
90507476
90507706
90507927
90508481
90508879
90508917
90509120
90509291
90509607
90509632
90510053
90510549
90510746
90510748
90511073
90511217
90511591
90511776
90512096
90512778
90512843
90512998
90513003
90513342
90513354
90513899
90514028
90514029
90514216
90514241
90514700
90515628
90516273
90516278
90516452
90517198
90517364
90518061
90519384
90519443
90520247
90520608
90521096
90521785
90522001
90522086
90522443
90522459
90522858
90523386
90524526
90524833
90526067
90527337
90527807
90528078
90528091
90528702
90528792
90528808
90529232
90529622
90530421
90530818
90530873
90530934
90531056
90531204
90531489
90531517
90532680
90533019
90533585
90535010
90535915
90536646
90536966
90537237
90537408
90539281
90539851
90540062
90540847
90541318
90541369
90541785
90541906
90542303
90542340
90542374
90542412
90542725
90542999
90543037
90543621
90543767
90543947
90544271
90544288
90544433
90544551
90545148
90545831
90545935
90546668
90547097
90547792
90548316
90549314
90549948
90550953
90551771
90553946
90554063
90554298
90554625
90554686
90554911
90555938
90555962
90556188
90556916
90556932
90557487
90557789
90557846
90559574
90560126
90561040
90561117
90561159
90561166
90561780
90562793
90563043
90563336
90563671
90564153
90565018
90565425
90565521
90566637
90566707
90567181
90567376
90567583
90567711
90568145
90568830
90569538
90569540
90570098
90570363
90572890
90573407
90573609
90573755
90574717
90575222
90575678
90575736
90576225
90576820
90576996
90577051
90577393
90577438
90578350
90578508
90578616
90579220
90579728
90580109
90580522
90580901
90581071
90582239
90582396
90583216
90583755
90584061
90584372
90584613
90584807
90585098
90585503
90585602
90585644
90586996
90587011
90587123
90587519
90587656
90588943
90589028
90589078
90589497
90589637
90590336
90590651
90590724
90591440
90591974
90592619
90592620
90592975
90593122
90593157
90594255
90594276
90594816
90594900
90594934
90595222
90595341
90595487
90595922
90596142
90596641
90596709
90596849
90597226
90597461
90597754
90598005
90598535
90598767
90598812
90599551
90600384
90600611
90601143
90601418
90601657
90601721
90603848
90604035
90604247
90604419
90604428
90604752
90604881
90604998
90605259
90605651
90606816
90607646
90607685
90607774
90608572
90609728
90609795
90610149
90610302
90610857
90610905
90611189
90611238
90611312
90612657
90612935
90613508
90614155
90615441
90615464
90615771
90615964
90616841
90616866
90617081
90617258
90617502
90617910
90618088
90618104
90618312
90618455
90619614
90620000
90620118
90620141
90620146
90621282
90621707
90622067
90622165
90622229
90622741
90622935
90623247
90623413
90623517
90624280
90624993
90625023
90625863
90625933
90626326
90626608
90626773
90627708
90627727
90628651
90628947
90629532
90629558
90629890
90630579
90630627
90631024
90631794
90632174
90632398
90632860
90633049
90633184
90633516
90633840
90633949
90634525
90635104
90635106
90635353
90635816
90636206
90636562
90637479
90637733
90638070
90638127
90638259
90638964
90639073
90640581
90640703
90641365
90641427
90642394
90642779
90642892
90644814
90644834
90645330
90645671
90646006
90646599
90646712
90647296
90647537
90647859
90648349
90648357
90649314
90649662
90650057
90650097
90650120
90650633
90650731
90650810
90651042
90651203
90651330
90651573
90651830
90651954
90652658
90652892
90653001
90653168
90653182
90653287
90653596
90653676
90654406
90654552
90654620
90654704
90655267
90655387
90655419
90655781
90656004
90656601
90656909
90657899
90658453
90658499
90658810
90658922
90659235
90660082
90660102
90660180
90660250
90660311
90660429
90660578
90660726
90661345
90661508
90661860
90663191
90663868
90664329
90664375
90664665
90665306
90665401
90665781
90666403
90666650
90666886
90667507
90667771
90667821
90668088
90668452
90668497
90668569
90668588
90669172
90669410
90669458
90669535
90669861
90670524
90671563
90671912
90672301
90672330
90672475
90673059
90673281
90674111
90674133
90674933
90674940
90675356
90675387
90675587
90676259
90676379
90676542
90676969
90677351
90677641
90678485
90678706
90679316
90679435
90679568
90679631
90679954
90680336
90681422
90681958
90682077
90682349
90682415
90682508
90682701
90683498
90684021
90684159
90684288
90684503
90684723
90685073
90685182
90685290
90685337
90685340
90685866
90686438
90686635
90686715
90686766
90686821
90686919
90686992
90687125
90687299
90687358
90687386
90687395
90689329
90689945
90690143
90690201
90690425
90690445
90690538
90690745
90691313
90691599
90691675
90692448
90692549
90692683
90692728
90692830
90693867
90694886
90695857
90696228
90696435
90696582
90696650
90696674
90696788
90697324
90697489
90697534
90698633
90698637
90699138
90699176
90699582
90699606
90699811
90722608
90722739
90723012
90723238
90723314
90723456
90723834
90724137
90724342
90725401
90726203
90726236
90726506
90727414
90727572
90727711
90727732
90728736
90729323
90729723
90729861
90730486
90731123
90731174
90731773
90731864
90732412
90732553
90732777
90733274
90734141
90734403
90735288
90735403
90735418
90735503
90735589
90735702
90735708
90735769
90735835
90736150
90736352
90736970
90736990
90737413
90737827
90738509
90739056
90740066
90740647
90740761
90740770
90740879
90740903
90741026
90741731
90741978
90742105
90742161
90743106
90743499
90743672
90744583
90745049
90745676
90747297
90747429
90748041
90748845
90749010
90749106
90749137
90749507
90750170
90750748
90750802
90751468
90751588
90751979
90752055
90752166
90752458
90752838
90753434
90753629
90753834
90753865
90755209
90755479
90755894
90755938
90756193
90756261
90756287
90756384
90756401
90756424
90756668
90757511
90757967
90758331
90758431
90759517
90759572
90759897
90759983
90760198
90760423
90760891
90761089
90761192
90761649
90762296
90762497
90762894
90762904
90763481
90763599
90763761
90763997
90764248
90764330
90764525
90764930
90764997
90765028
90765363
90765893
90766194
90766351
90766458
90766521
90766558
90766855
90767229
90767300
90767347
90768215
90768221
90768268
90768431
90768532
90768660
90768730
90769308
90769657
90769683
90769751
90770046
90770719
90771182
90772954
90773146
90773163
90774019
90774033
90774287
90774602
90775088
90775560
90775619
90775713
90776016
90776915
90776965
90777460
90777527
90777837
90778387
90778519
90778643
90779214
90779875
90780119
90780816
90781078
90781398
90781548
90781642
90782129
90782357
90782431
90782775
90782841
90783357
90783505
90783587
90784129
90784293
90784814
90785324
90786444
90786713
90787011
90787679
90787805
90788572
90789063
90789311
90789316
90789869
90789943
90790174
90790311
90790613
90790742
90790821
90790898
90791196
90791523
90792028
90792605
90793163
90793420
90793548
90793679
90793723
90793875
90794418
90795221
90795352
90795726
90796015
90796346
90797236
90797678
90797968
90798614
90798708
90798732
90798831
90798843
90799227
90799820
90799985
90801074
90820154
90820287
90820485
90820953
90821138
90821792
90822753
90822934
90823081
90823245
90823561
90823918
90824544
90824640
90824757
90824850
90824923
90825452
90825960
90826256
90826444
90826924
90827984
90830071
90831112
90831767
90832281
90832431
90832529
90832574
90832992
90835172
90835216
90835519
90835994
90836179
90837059
90837074
90837715
90838902
90838932
90838949
90839086
90839398
90839455
90839568
90839765
90839954
90840596
90840940
90841579
90841605
90842270
90843093
90844448
90844994
90845479
90845551
90845679
90845918
90846657
90847113
90847258
90847594
90848024
90848041
90848549
90848870
90848962
90849131
90849317
90849749
90850432
90850867
90850998
90851924
90851959
90852071
90852268
90852287
90852732
90852797
90852894
90853108
90853213
90853222
90853844
90854015
90854195
90854609
90854938
90855742
90855852
90857074
90857443
90857582
90858309
90858945
90858997
90859042
90859688
90861209
90861429
90861546
90861642
90861691
90861863
90862542
90862686
90862925
90863054
90863254
90863481
90864385
90865288
90865433
90865629
90865718
90865816
90865870
90865876
90866528
90866781
90866790
90867301
90867529
90867696
90868164
90868262
90868686
90869206
90869411
90869632
90869833
90869909
90869946
90869987
90870008
90870028
90870419
90871003
90871702
90872224
90872961
90873314
90873478
90873538
90873858
90873925
90874046
90874056
90874105
90874181
90874268
90874331
90874745
90874954
90874955
90875424
90875609
90875630
90875655
90875808
90876080
90876273
90877872
90878796
90879885
90879924
90880696
90880831
90880979
90881088
90881749
90881901
90882091
90882231
90882617
90882895
90883189
90883450
90883735
90884371
90884699
90884822
90884950
90885130
90885190
90885683
90885885
90887224
90888213
90888306
90888323
90889916
90890576
90891936
90892368
90892731
90893196
90893651
90893745
90893750
90895642
90895741
90896695
90897005
90897383
90897647
90897789
90898526
90898573
90898606
90898627
90898928
90899415
90899677
90899728
90899844
90899872
90903015
90904242
90905370
90905391
90910593
90911118
90911510
90911693
90911748
90912216
90912559
90912561
90912776
90912780
90912893
90913481
90913500
90913642
90913880
90913960
90914259
90914642
90914988
90915116
90915414
90915750
90915787
90917511
90917577
90918335
90918835
90919476
90919544
90920273
90920432
90921381
90921541
90922403
90922763
90922925
90923461
90925077
90926374
90926392
90926400
90926439
90926806
90927768
90927797
90928076
90928363
90928700
90930064
90930456
90930462
90930692
90931119
90931751
90931977
90932161
90932581
90932658
90932707
90932931
90933048
90933217
90933763
90934456
90935449
90935864
90936244
90936427
90936580
90937189
90937385
90937633
90937671
90937757
90939019
90939081
90939419
90939467
90939612
90939786
90940052
90940125
90940144
90940210
90940438
90940702
90940792
90941843
90942255
90942686
90942753
90942870
90943873
90943979
90944072
90944809
90945161
90945266
90945457
90945621
90946452
90946517
90946634
90946662
90946819
90947112
90947370
90947849
90947984
90949164
90949722
90949762
90950121
90950820
90950901
90950920
90951178
90951222
90951858
90952941
90953082
90953319
90953379
90953821
90953849
90953940
90954060
90955265
90955281
90955441
90955465
90955538
90955688
90955772
90955788
90955971
90956102
90956176
90957223
90957327
90958165
90958270
90958747
90958909
90958932
90958973
90959331
90959553
90960247
90960353
90960441
90960905
90961251
90961441
90962559
90962651
90962961
90963435
90963694
90963756
90963886
90963997
90964303
90964305
90964915
90965001
90966912
90966947
90967030
90967057
90967542
90967914
90968410
90968411
90968787
90969029
90969136
90969263
90969692
90969809
90970270
90971224
90971343
90971642
90971699
90972076
90972298
90972382
90972747
90973608
90974307
90974572
90974984
90975289
90975378
90975619
90975778
90976273
90976671
90977264
90977679
90977806
90978190
90978264
90978335
90978367
90978475
90978594
90978925
90979468
90979723
90979864
90979955
90980545
90981564
90981768
90982056
90983237
90983306
90983482
90983819
90983908
90983929
90983989
90984423
90984477
90985063
90986005
90986785
90987484
90987586
90987954
90988591
90988921
90989396
90990365
90990450
90990462
90990478
90990810
90991064
90991387
90991775
90991840
90992285
90992353
90992866
90993016
90993172
90993291
90993853
90994211
90994256
90994543
90995011
90995117
90995808
90995851
90995884
90996424
90996570
90996886
90997071
90998244
90998251
90998257
90998866
90998876
90999103
91100329
91100685
91100709
91101483
91101813
91101854
91102058
91104191
91104628
91104672
91104695
91104944
91105142
91105335
91105466
91105807
91105974
91106867
91107636
91107742
91108008
91108481
91108593
91108726
91109455
91110033
91110308
91110584
91110586
91110626
91111035
91112569
91113161
91113321
91113788
91113841
91114118
91114984
91115028
91115236
91115415
91116316
91116500
91116595
91116653
91116786
91117098
91117307
91117684
91118422
91118503
91118790
91119085
91119145
91119346
91119627
91119793
91119824
91119949
91120448
91120452
91120547
91120623
91121103
91121207
91121547
91121579
91121594
91121732
91122104
91122332
91122458
91122862
91122956
91123144
91123252
91123299
91124466
91124631
91124924
91124940
91124963
91125004
91125096
91125262
91125382
91125633
91125907
91125946
91126008
91126457
91126854
91126924
91127218
91127224
91127334
91127481
91127503
91127952
91128765
91129008
91129066
91129153
91129354
91129478
91129667
91130428
91130445
91131016
91132108
91133566
91133907
91133992
91134583
91134704
91134880
91135190
91135465
91135567
91135831
91137426
91137568
91137815
91138105
91138110
91138969
91139309
91140690
91141102
91141371
91141744
91143011
91143644
91145202
91145446
91145527
91145659
91145956
91146517
91146629
91147091
91147347
91148043
91148404
91148686
91149892
91150221
91150606
91150612
91150648
91150695
91150723
91151074
91151403
91151607
91151638
91151761
91152486
91152985
91153229
91153595
91153939
91154071
91154789
91155235
91155244
91155482
91155591
91155879
91155927
91156077
91156174
91156546
91156572
91156613
91156798
91157469
91158046
91158268
91158597
91158677
91158847
91159194
91159998
91160178
91160433
91160455
91160547
91160871
91161431
91161572
91162390
91162469
91162899
91162940
91163259
91163301
91163356
91163766
91164261
91164362
91164721
91165057
91165116
91165177
91166136
91166240
91166746
91166894
91167006
91167345
91167854
91168113
91168295
91169093
91169271
91169639
91170860
91171108
91171145
91171215
91171316
91172708
91173034
91174088
91174109
91174568
91174748
91175589
91176003
91176032
91176056
91176689
91176982
91178013
91178041
91178255
91178507
91178796
91179061
91179270
91179863
91179949
91180325
91180829
91181268
91181637
91181960
91182026
91182084
91182748
91182870
91183052
91183064
91183146
91184194
91184201
91184208
91184466
91184901
91185126
91185283
91185302
91185381
91185478
91185737
91185802
91186652
91186654
91186919
91187114
91187950
91188131
91188178
91188206
91188224
91188261
91188360
91188452
91188653
91188847
91189079
91189307
91189754
91191567
91191785
91192006
91192377
91192432
91192698
91192791
91193017
91193392
91193784
91193852
91193984
91194489
91194543
91194815
91195203
91195438
91195611
91196426
91196741
91196949
91196956
91197415
91197896
91198269
91199218
91199328
91199675
91199767
91300162
91300295
91300560
91300686
91301622
91302307
91302742
91303004
91303181
91303236
91303237
91303546
91304394
91304901
91305395
91305641
91307083
91307494
91307694
91308253
91308363
91309054
91309128
91309385
91309439
91310163
91310187
91310307
91310420
91310524
91310818
91310844
91311385
91311432
91311449
91311847
91312001
91313558
91313613
91314118
91314458
91314475
91314487
91314592
91315691
91316549
91316771
91317027
91317036
91317509
91317983
91318569
91319027
91319102
91319281
91319295
91319368
91320153
91320414
91320790
91320986
91321475
91321516
91322233
91324233
91324515
91324689
91324732
91324745
91325119
91325215
91325571
91326454
91326461
91326513
91327057
91327110
91327508
91327601
91327604
91327957
91328360
91328414
91328785
91328947
91329648
91330041
91330764
91330882
91331327
91331425
91331618
91331655
91331690
91331934
91332288
91332548
91332613
91333549
91333976
91334485
91334742
91334827
91334985
91335640
91336126
91336847
91337067
91337204
91337870
91338285
91338344
91338793
91339298
91339738
91339923
91339957
91341811
91341991
91342418
91343264
91343395
91343577
91344058
91344461
91345446
91345666
91345897
91346075
91346340
91347041
91347768
91348049
91348221
91348853
91349342
91349561
91350461
91351197
91352112
91352496
91353017
91353193
91353976
91354237
91354243
91355353
91355703
91355771
91357069
91357139
91357328
91357358
91357705
91357742
91360176
91360338
91360459
91360955
91361159
91361540
91361787
91362279
91362322
91362509
91362783
91362859
91363031
91363165
91363418
91364209
91365267
91365615
91365783
91366073
91367076
91368324
91368349
91368997
91369496
91369983
91370377
91370458
91370679
91370765
91370916
91371064
91371129
91371188
91371636
91372158
91372336
91372421
91372588
91373085
91373823
91374244
91374306
91374566
91375014
91375062
91375115
91375710
91376012
91377780
91378668
91379652
91379890
91379897
91379915
91380937
91381240
91381384
91381612
91381687
91381688
91382088
91382304
91382535
91382565
91383381
91383552
91384633
91385224
91385248
91385268
91385543
91385993
91386060
91386232
91386292
91386359
91386494
91387155
91387588
91387663
91387680
91387752
91387885
91388074
91388093
91388139
91388337
91388526
91388676
91388695
91388787
91389613
91390252
91390346
91390382
91390440
91390822
91391187
91391195
91391381
91392173
91392356
91392390
91392614
91392942
91392992
91393477
91394940
91395111
91395359
91395435
91395614
91395967
91396069
91396094
91396302
91397378
91397539
91397788
91398130
91398738
91399402
91510467
91510690
91511680
91512382
91512615
91512895
91512949
91513071
91513243
91513342
91513663
91513695
91513897
91513943
91514216
91514390
91515247
91515319
91515338
91516598
91517274
91517693
91517710
91517747
91518911
91519387
91519390
91520443
91521039
91521226
91522157
91522432
91522549
91522885
91523666
91523819
91523855
91524206
91524942
91525009
91525072
91525220
91525679
91525981
91526200
91526242
91526700
91527040
91527489
91527582
91528335
91528532
91528668
91528718
91528976
91529413
91529469
91529649
91530509
91531526
91531624
91531905
91532054
91532199
91532269
91532793
91532914
91532999
91534597
91534642
91535226
91535501
91535802
91538352
91538395
91538530
91539005
91539560
91540534
91540625
91540671
91540735
91540852
91540916
91541126
91541655
91541762
91541834
91541925
91541965
91541998
91542228
91542452
91542639
91542644
91542777
91542898
91543088
91543241
91543327
91543567
91543629
91543669
91544086
91544355
91544525
91544677
91545462
91545706
91546209
91546277
91546897
91547209
91547665
91549452
91550042
91550394
91550660
91550846
91551021
91551089
91551599
91551673
91551861
91551988
91552155
91552520
91552533
91552712
91552713
91553161
91553860
91554253
91554301
91554675
91554857
91555987
91556252
91557069
91557223
91557313
91557850
91557929
91558171
91558655
91558755
91559532
91559632
91559695
91560683
91560719
91560730
91560749
91560872
91560992
91561343
91561833
91562048
91562519
91562818
91563032
91563083
91563379
91563475
91563498
91563787
91563898
91564238
91564459
91564525
91564726
91565883
91566064
91566075
91566543
91567633
91568710
91569634
91569636
91569652
91569653
91569857
91570330
91570421
91570843
91571039
91571700
91572234
91572237
91572242
91573977
91574430
91574858
91575089
91575291
91576006
91576125
91576254
91576262
91577001
91577032
91577124
91577796
91577936
91578138
91578349
91578498
91579490
91579914
91580110
91580246
91580574
91580829
91581006
91581677
91581892
91582941
91583241
91583311
91583542
91583658
91584296
91584349
91584401
91584416
91584749
91584844
91585246
91585259
91585504
91585667
91586070
91587945
91588394
91588984
91589175
91589439
91590651
91591360
91591366
91591610
91591905
91591924
91591982
91593066
91593631
91593779
91595840
91596217
91596436
91596439
91596759
91596835
91597535
91597620
91597965
91598120
91598338
91598410
91598416
91599038
91599119
91599172
91599448
91600049
91602331
91603205
91603254
91603377
91603933
91603968
91604208
91604644
91604792
91605338
91605341
91605408
91606277
91606655
91607154
91607275
91607352
91607487
91608010
91608037
91608864
91609476
91609685
91610242
91610324
91610474
91610662
91610728
91612078
91612577
91612791
91613062
91613324
91613817
91614076
91614624
91614804
91615361
91616229
91616271
91616688
91617592
91618106
91618344
91618674
91619285
91619979
91619981
91620563
91620690
91620729
91621314
91621494
91621729
91622408
91622685
91622788
91623272
91623714
91624041
91624453
91624499
91624703
91624823
91625362
91625538
91626362
91626436
91626442
91626472
91626556
91626680
91626786
91626799
91626956
91627345
91627393
91627592
91627925
91628441
91628470
91628657
91629391
91629742
91630643
91630644
91630684
91631121
91631423
91631547
91631775
91632087
91632118
91632202
91632244
91632432
91633632
91633736
91633884
91633904
91633915
91634775
91634999
91635107
91635284
91635734
91637730
91637838
91637974
91638712
91639659
91639751
91640494
91640872
91641034
91641517
91641533
91642078
91643129
91643149
91643607
91644090
91644136
91644155
91645328
91645370
91646406
91647655
91649756
91651722
91654015
91658150
91660981
91662197
91663241
91663764
91663970
91664460
91664775
91667213
91667228
91667515
91667532
91667990
91668053
91668941
91670679
91674452
91674757
91676150
91676193
91676497
91680210
91680221
91680353
91681004
91681469
91681730
91681780
91681873
91681907
91682749
91682765
91683132
91683712
91683969
91685436
91686400
91687016
91687502
91687551
91687585
91687701
91687856
91688690
91688804
91689599
91689823
91689904
91689914
91690461
91691281
91691700
91691843
91692362
91692906
91693831
91694050
91694062
91694297
91694411
91695120
91695549
91695935
91696623
91696651
91696871
91696909
91697176
91697182
91697421
91698031
91698196
91698292
91698931
91699123
91699878
91700170
91700663
91700665
91701153
91701450
91701735
91702021
91702635
91703296
91703413
91704871
91705523
91705706
91705815
91706392
91706669
91706742
91706931
91706940
91707513
91707769
91708184
91708258
91708452
91709004
91710067
91710327
91710668
91710993
91711599
91711737
91712057
91712596
91712932
91713347
91713445
91713547
91714128
91714501
91715656
91716215
91716234
91716333
91716338
91716736
91717231
91717439
91717523
91717976
91718951
91719074
91719235
91719427
91719798
91719833
91719940
91719967
91720070
91720244
91720267
91720281
91720848
91721012
91721525
91721730
91721795
91721896
91721946
91722234
91722405
91722794
91722864
91723064
91723810
91726221
91726385
91726531
91726795
91726846
91726920
91726983
91727132
91727361
91727436
91727503
91727656
91727901
91727911
91728181
91728363
91728394
91729430
91729467
91729511
91729878
91730955
91731070
91732093
91732195
91732710
91733051
91733183
91733817
91734329
91734685
91734951
91735221
91735391
91735432
91735678
91736037
91736108
91736595
91736864
91738037
91738347
91738460
91738777
91739002
91740057
91740764
91740882
91741039
91741605
91741995
91743308
91743341
91743350
91743554
91744241
91745213
91746262
91746362
91746428
91746821
91747678
91747963
91748021
91748559
91748629
91749415
91749930
91749985
91750329
91750354
91750370
91751141
91751541
91752024
91752247
91752519
91752948
91752952
91753086
91753222
91753309
91755024
91755569
91756065
91756152
91756218
91756223
91756309
91756379
91756736
91757155
91757951
91758157
91758618
91758712
91758799
91761034
91761271
91761457
91762049
91762246
91762407
91762500
91763575
91763692
91764674
91765121
91766756
91766996
91767598
91767632
91767917
91768145
91769073
91769393
91770171
91770802
91771072
91771287
91771575
91771733
91772051
91772852
91772931
91773465
91773559
91773944
91774487
91774868
91775396
91775575
91776396
91776412
91776735
91776839
91776953
91777203
91777771
91778193
91778267
91778275
91778635
91779611
91779628
91779966
91780714
91780916
91781263
91781787
91781872
91782216
91782311
91782727
91783650
91783965
91784242
91784640
91785269
91785895
91785944
91786669
91787444
91787580
91787593
91787598
91787917
91788502
91788592
91791592
91791992
91792713
91792800
91793713
91794291
91794292
91794711
91795077
91796217
91796389
91797036
91797067
91797111
91797729
91798103
91798850
91799115
91799196
91799374
91799472
91799798
91800006
91802362
91803346
91803351
91803540
91804100
91804247
91804274
91804507
91805204
91805391
91805833
91806121
91806473
91806672
91807117
91807416
91807574
91807973
91808680
91809737
91810763
91810846
91811213
91811404
91811405
91811609
91811748
91811890
91812689
91812756
91813390
91813618
91813838
91813878
91814033
91814093
91814584
91814859
91815109
91815859
91815891
91816140
91816279
91816352
91816681
91817120
91817683
91817961
91817969
91818256
91818274
91818330
91818358
91818694
91818730
91819000
91819131
91820225
91820927
91821118
91821801
91822279
91822354
91822404
91822460
91822972
91823456
91823494
91824045
91824383
91825258
91825633
91825650
91825748
91826160
91827061
91827090
91827170
91827399
91827447
91827663
91828314
91828419
91828476
91829927
91830732
91830897
91831060
91831142
91831256
91831364
91832226
91832816
91833296
91833297
91833824
91834028
91834305
91834419
91834615
91834999
91835114
91835457
91835993
91836316
91836518
91836679
91836868
91837380
91838142
91838542
91838971
91839468
91839689
91840175
91840242
91840781
91842316
91842366
91842427
91842539
91842726
91843547
91843687
91843808
91844023
91844313
91844461
91844518
91845018
91845068
91845317
91845764
91845789
91845952
91846182
91847068
91847260
91847462
91848904
91849156
91849893
91850051
91851291
91851597
91851736
91851979
91852290
91852335
91852620
91852956
91853170
91853174
91853493
91854779
91855384
91855436
91855947
91856386
91856541
91856691
91857118
91857218
91857633
91858498
91858751
91859965
91859989
91860160
91860659
91862255
91862699
91863205
91864650
91864656
91864685
91864884
91866328
91867232
91867770
91868207
91869803
91869871
91870743
91870856
91871164
91871507
91871784
91871873
91873158
91875036
91875248
91876176
91876633
91876702
91876821
91877303
91878252
91878487
91879062
91879496
91879533
91879659
91879745
91879761
91880281
91880336
91880728
91881105
91881188
91881517
91881619
91881928
91881979
91882748
91882994
91883567
91883606
91883655
91884182
91884384
91884865
91885182
91885590
91885593
91885986
91886432
91886716
91886931
91887001
91887051
91887057
91887152
91887798
91888040
91888097
91888327
91888403
91888663
91888698
91888735
91889003
91889587
91889746
91889955
91891661
91891890
91893324
91893629
91893648
91894113
91894746
91895495
91895550
92010182
92010196
92010420
92010967
92011199
92011265
92011277
92011663
92011733
92011869
92011898
92011985
92012035
92012457
92012749
92013815
92013840
92014141
92014891
92015295
92015353
92015486
92015639
92015644
92015842
92016271
92016436
92016551
92016646
92017124
92017674
92017967
92018278
92018511
92018578
92019136
92019289
92019341
92019889
92019997
92020040
92020327
92020624
92020987
92021655
92022107
92022218
92022698
92022887
92023277
92023553
92023906
92023966
92024062
92024196
92024350
92024447
92024786
92025229
92025247
92025856
92025935
92026290
92026303
92026304
92026323
92026380
92026400
92026417
92026427
92026464
92026697
92026783
92027160
92027169
92027175
92027261
92027647
92027790
92028064
92028792
92029392
92029447
92029868
92030131
92031069
92031277
92031520
92031711
92031892
92031961
92032199
92032372
92032679
92032954
92033341
92033741
92033792
92034263
92034366
92034410
92034728
92034803
92034978
92035265
92035388
92035452
92035615
92035776
92036075
92036163
92036227
92037159
92037302
92037555
92037995
92038138
92038160
92038275
92038521
92038651
92038805
92039975
92040238
92040259
92040572
92041011
92041223
92041224
92041491
92041842
92041937
92042368
92042740
92043301
92043433
92043475
92044294
92044632
92045007
92045013
92045158
92045284
92045393
92045439
92045594
92045940
92046005
92046338
92046344
92046353
92046394
92046504
92046936
92047027
92047114
92047546
92047584
92047629
92047757
92047958
92048359
92048588
92048589
92048958
92049075
92049287
92049563
92049573
92049701
92049977
92050521
92050919
92050967
92051060
92051154
92051278
92051631
92051749
92051801
92052247
92052306
92052551
92052779
92052931
92052941
92053279
92053989
92054172
92054202
92054396
92054529
92054764
92054963
92056009
92056174
92056336
92056467
92056638
92056747
92057305
92057536
92057758
92058040
92058328
92058628
92058881
92059312
92059642
92059997
92060740
92061008
92061470
92061662
92061866
92062327
92062378
92062399
92062425
92062645
92062849
92062888
92062984
92063042
92063141
92063263
92063553
92064074
92064970
92065277
92065425
92065621
92066108
92066230
92066325
92066448
92066545
92066674
92067054
92067514
92067629
92067716
92067949
92068016
92068032
92068349
92068369
92068770
92068798
92068893
92069023
92069107
92069606
92069722
92080076
92080625
92080799
92080895
92080930
92081067
92081204
92081209
92081221
92081463
92081575
92081914
92081942
92082289
92082396
92083129
92083399
92083514
92083763
92083911
92083932
92083937
92084079
92084082
92084162
92084622
92085198
92085238
92085477
92085563
92085720
92086635
92087274
92087395
92087611
92087775
92087922
92088542
92088544
92088718
92088731
92088760
92088769
92088931
92088996
92089425
92089670
92089968
92090013
92090227
92090414
92090653
92090664
92091130
92091323
92091907
92092022
92092105
92092152
92092181
92092237
92093086
92093440
92093760
92093809
92094154
92094182
92094459
92094594
92094689
92094811
92094878
92095562
92095623
92095714
92095837
92095862
92096295
92096421
92096650
92096741
92096882
92097182
92097281
92097651
92097873
92098203
92098748
92099103
92099424
92099488
92099510
92099940
92099962
92200368
92200629
92200664
92200713
92200763
92200809
92201261
92201263
92201269
92201494
92201670
92201718
92201813
92201869
92201901
92202054
92202223
92202300
92202302
92202536
92202630
92202646
92202837
92202915
92203250
92203474
92203547
92203568
92203913
92204142
92204146
92204344
92204355
92204479
92204571
92204592
92204767
92204806
92205119
92205216
92205352
92205403
92205920
92206384
92206522
92206563
92206763
92206885
92206887
92206960
92207087
92207327
92207335
92207361
92207556
92207899
92207972
92208036
92208095
92208341
92209138
92209305
92209559
92209890
92210190
92210468
92210667
92210748
92210888
92211271
92211440
92212110
92212335
92212462
92212608
92212835
92213054
92213723
92213754
92214103
92214324
92214329
92214614
92215087
92215226
92215497
92215524
92215899
92215905
92216337
92216485
92216673
92216949
92217107
92217138
92217202
92217262
92217390
92217402
92217405
92217583
92217686
92217823
92217868
92218310
92218440
92218455
92218467
92218810
92218895
92219452
92219536
92219934
92220286
92220329
92220444
92220746
92220987
92221042
92221138
92221794
92221927
92222047
92222119
92222372
92222463
92222640
92223188
92223195
92223205
92223411
92223442
92223853
92223940
92223957
92224229
92225230
92225261
92225301
92225457
92225898
92225916
92225919
92225952
92226529
92226628
92226806
92226825
92227027
92227043
92227056
92227549
92227719
92228072
92228319
92228492
92228939
92229259
92229321
92229374
92229382
92229487
92229657
92229799
92229942
92230038
92230131
92230288
92230290
92230359
92230614
92230761
92230849
92231385
92231402
92231519
92231856
92231948
92232004
92232033
92232226
92232371
92232405
92232618
92232726
92233115
92233380
92233452
92233457
92233469
92234010
92234196
92234439
92235206
92235215
92235299
92235315
92235814
92236160
92236733
92236768
92237220
92237227
92237554
92237571
92237588
92237916
92238017
92238153
92238244
92238263
92238402
92238431
92238580
92238645
92238655
92238740
92238801
92238980
92239037
92239098
92239345
92239614
92240369
92240584
92240896
92240961
92241168
92241291
92241622
92241683
92241844
92241916
92242483
92242594
92242792
92243006
92243073
92243349
92243529
92243553
92243836
92243911
92244199
92244747
92245105
92245220
92245329
92245564
92245690
92245863
92246795
92247019
92247235
92247242
92247855
92247866
92248083
92248306
92248653
92248868
92248887
92248990
92249156
92249276
92249484
92249584
92249974
92250313
92250971
92251759
92252041
92252182
92252226
92252244
92252417
92252517
92252804
92253138
92254340
92254763
92254933
92255128
92255204
92255274
92255439
92255983
92256091
92256506
92256522
92257025
92257212
92257271
92257417
92257505
92257556
92257632
92257663
92257816
92258389
92258475
92258507
92258559
92258696
92258795
92258956
92259123
92259208
92259737
92259836
92259864
92260368
92260682
92261238
92261250
92261366
92261724
92261797
92262141
92262157
92262417
92263039
92263150
92263255
92263450
92263829
92264093
92264686
92264967
92266089
92266157
92266180
92266246
92266425
92266641
92266809
92266950
92267250
92267614
92268072
92268417
92268421
92268422
92268627
92268681
92268890
92268967
92269000
92269023
92269148
92269612
92269794
92269906
92280337
92280885
92281148
92281399
92281735
92281953
92282056
92282306
92282437
92282990
92283310
92283346
92283632
92283804
92283885
92283906
92284258
92284351
92284914
92285055
92285436
92285496
92285659
92286158
92286733
92287544
92287610
92287809
92288018
92288193
92288361
92288624
92288820
92289095
92289144
92289206
92289218
92289660
92290416
92290456
92290691
92290723
92290787
92290812
92290837
92290893
92291072
92291371
92291612
92291640
92291743
92291852
92292051
92292110
92292493
92293244
92293286
92293413
92293719
92293806
92293915
92293946
92293964
92293984
92294186
92294392
92294654
92294820
92294845
92295131
92295588
92295640
92296267
92296295
92296313
92296637
92296832
92296837
92297232
92297411
92298633
92298686
92298768
92299010
92299706
92299960
92400009
92400155
92400554
92400851
92401065
92401159
92401453
92401557
92401816
92401845
92401921
92402232
92402886
92402972
92403235
92403801
92403828
92403910
92403937
92404034
92404392
92404792
92405225
92405248
92405637
92405754
92405823
92405890
92406053
92406158
92406658
92406854
92406865
92407287
92407494
92407641
92407850
92408036
92408135
92408443
92408471
92408575
92408679
92409182
92409245
92409388
92409487
92409512
92409814
92409970
92409986
92410019
92410274
92410294
92410758
92410851
92411354
92411524
92411646
92411994
92412167
92412388
92412947
92413019
92413041
92413050
92413531
92413597
92413838
92414028
92414089
92414845
92414864
92414901
92414916
92414928
92415105
92415261
92415348
92415421
92415464
92415841
92416188
92416262
92416887
92416926
92417174
92417816
92418073
92418397
92418499
92418535
92418717
92418731
92418896
92419203
92419399
92419511
92419652
92419739
92419835
92420878
92421148
92421286
92421874
92422118
92422336
92422459
92422583
92422775
92422781
92423284
92423347
92423707
92424153
92424183
92424741
92424876
92425583
92425654
92426059
92426431
92426973
92426978
92427262
92427644
92428016
92428410
92428650
92428985
92429146
92429173
92429186
92429236
92429310
92429411
92429424
92429511
92429512
92429992
92430044
92430059
92430080
92430399
92430493
92430662
92431064
92431332
92431684
92431742
92431804
92431850
92431862
92431919
92432707
92432935
92432955
92433296
92433782
92433986
92434472
92434473
92434565
92434904
92434977
92435070
92435843
92435911
92436005
92436141
92436144
92436607
92436675
92437193
92437295
92437446
92437450
92437872
92438037
92438038
92438298
92438310
92438452
92438718
92439091
92439279
92439548
92439556
92439566
92440040
92440104
92440209
92440340
92440423
92440473
92440853
92441027
92441036
92441119
92441283
92441909
92441932
92442089
92442619
92442763
92442958
92442967
92442975
92443096
92443288
92443533
92443792
92444002
92444098
92444134
92444503
92445208
92445236
92445392
92445550
92445558
92446172
92446406
92446504
92446505
92446629
92446703
92446984
92447415
92447512
92447518
92447522
92447553
92447851
92447871
92447977
92448457
92448793
92448840
92449060
92449415
92449668
92449813
92449903
92450019
92450384
92450580
92450609
92450865
92451243
92451360
92451418
92451476
92451661
92451859
92451961
92452241
92452373
92452834
92453431
92453502
92453775
92454195
92454334
92454388
92454432
92454750
92455145
92455199
92455281
92455356
92455475
92455625
92455689
92455712
92455722
92456156
92456373
92456404
92456492
92456548
92456796
92457529
92457630
92457673
92457910
92458090
92458102
92458169
92458170
92458176
92458292
92458447
92458497
92458526
92458648
92458720
92458944
92459155
92459301
92459388
92459515
92459623
92459909
92460398
92460899
92460979
92461153
92461397
92461556
92461671
92461792
92462254
92462378
92462556
92462694
92462898
92463079
92463324
92463370
92463408
92463533
92463558
92463572
92463781
92463791
92463861
92464494
92464762
92464887
92464939
92465144
92465155
92465353
92465711
92467128
92467178
92467213
92467466
92467982
92468095
92468110
92468195
92468286
92468535
92468984
92469028
92469032
92469043
92469097
92469147
92469326
92469515
92469845
92469887
92480068
92480226
92480320
92480378
92480515
92480531
92480634
92480756
92480768
92481180
92481431
92481658
92481692
92481762
92481801
92481965
92482028
92482775
92482843
92482951
92484150
92484211
92484504
92484680
92485809
92486287
92486371
92486384
92486477
92486840
92487220
92487238
92487989
92489026
92489209
92489963
92490569
92490677
92490685
92491644
92492475
92493732
92493761
92495174
92495179
92495893
92496483
92496544
92497584
92497710
92497775
92497903
92498012
92499416
92499562
92600158
92600550
92601146
92601305
92601351
92601373
92601539
92601721
92601915
92602083
92602674
92603192
92603203
92603409
92603617
92604170
92604279
92604502
92604532
92604895
92605114
92605408
92605677
92605761
92606139
92606187
92606493
92607049
92607278
92607677
92607874
92608033
92608189
92608337
92608351
92608817
92609086
92609179
92609449
92609478
92609825
92610029
92610293
92610498
92610595
92610871
92611182
92611460
92611497
92611857
92612537
92612927
92612930
92612990
92612991
92613388
92614490
92614541
92614549
92614809
92614982
92615147
92615196
92615264
92615516
92615523
92615538
92615739
92616189
92616363
92616762
92616972
92617165
92617350
92617358
92617602
92617701
92618062
92618515
92618544
92618553
92618832
92618995
92619206
92619585
92620570
92620701
92620758
92621430
92621513
92621863
92622168
92622227
92622663
92623154
92624346
92624422
92624480
92624841
92625017
92625307
92625822
92626521
92626584
92627214
92627898
92627904
92628194
92628517
92629533
92629575
92629672
92629757
92630177
92630199
92630238
92630740
92630882
92631349
92631685
92632282
92632424
92632672
92632686
92632952
92633532
92633698
92633986
92634806
92634814
92634846
92635008
92635487
92635790
92635847
92635961
92636143
92636243
92636381
92637082
92637160
92637242
92637463
92637508
92638161
92638213
92638617
92638835
92639112
92639340
92639617
92639895
92640150
92640388
92640390
92640405
92640541
92640835
92641422
92641569
92642113
92643112
92643440
92643611
92644179
92644673
92644984
92645276
92645406
92645624
92645634
92645849
92646459
92646716
92646973
92647218
92647515
92648017
92648290
92648410
92648736
92648751
92648864
92649152
92649239
92649293
92649353
92649354
92649728
92649840
92649981
92650088
92650097
92650213
92650633
92650868
92651170
92651235
92651387
92651461
92652048
92652502
92652774
92652917
92652985
92653008
92653323
92653385
92653511
92653538
92653714
92654149
92654588
92654977
92655052
92655154
92655348
92655643
92655766
92655778
92655940
92656688
92656861
92656970
92657022
92657192
92657468
92657829
92657894
92658287
92658551
92658680
92658786
92658877
92659003
92659052
92659091
92659098
92659220
92659473
92659845
92659959
92660097
92660388
92660753
92660864
92660949
92660970
92661251
92661956
92661979
92662044
92662090
92662592
92662825
92662950
92663018
92663701
92663774
92663826
92664047
92664274
92664319
92664349
92664367
92664533
92664661
92664703
92664953
92665415
92665728
92665811
92665924
92666695
92666781
92666808
92666989
92667454
92667544
92667551
92667989
92668258
92668385
92668830
92668900
92669233
92669625
92669725
92680306
92680329
92680554
92680629
92680689
92680786
92681496
92681521
92681709
92683168
92683272
92683473
92683749
92684685
92685192
92685351
92686053
92686539
92686854
92687101
92687256
92687520
92688431
92688467
92688626
92688767
92688811
92689019
92689467
92689651
92689814
92690325
92692633
92693376
92693627
92693790
92693835
92694028
92694241
92695757
92696214
92696412
92697924
92698555
92698772
92699282
92699593
92800276
92800486
92800555
92801269
92802122
92802157
92802597
92803180
92803356
92804019
92804593
92804599
92805120
92806592
92806814
92807822
92808295
92808357
92808583
92808835
92808914
92809072
92809216
92809217
92809326
92809815
92810532
92810827
92810997
92811098
92811473
92811503
92811599
92811609
92811635
92811636
92811873
92812081
92812235
92812885
92812984
92813544
92813851
92813974
92814007
92814248
92814401
92814561
92814665
92814832
92814950
92814986
92815106
92815393
92815607
92815664
92815955
92816273
92816346
92817061
92817154
92817411
92817765
92817812
92817926
92817975
92818124
92818457
92818677
92818700
92819324
92819466
92819582
92819703
92819750
92819824
92819911
92820003
92820290
92820377
92820462
92821186
92821364
92821436
92821465
92821613
92821654
92821680
92821946
92822078
92822346
92822589
92822695
92822838
92823167
92823254
92823447
92823776
92823890
92824232
92824335
92824576
92824722
92825198
92825305
92825420
92825937
92826129
92826539
92826682
92826739
92827154
92827690
92828070
92828109
92828356
92828363
92828653
92828754
92828995
92829123
92829339
92829652
92829970
92830229
92830436
92830622
92830717
92830954
92831008
92831486
92831594
92831653
92831710
92831779
92831840
92832034
92832055
92832165
92832288
92832395
92832441
92832445
92832504
92832880
92833362
92833561
92833597
92833958
92834007
92834133
92834239
92834471
92834483
92834581
92834854
92835412
92835690
92835943
92836158
92836241
92836478
92836605
92836754
92837039
92837186
92837359
92837535
92837742
92837817
92838039
92838234
92838247
92838421
92838549
92838572
92838655
92838733
92838746
92838779
92838801
92838844
92839053
92839065
92839105
92839235
92839317
92839831
92839963
92841548
92841616
92842099
92842285
92842835
92842844
92842905
92843244
92843575
92845790
92846638
92847086
92847244
92847508
92847932
92848242
92848260
92848514
92848998
92849145
92849620
92850319
92851594
92852103
92852241
92852271
92852535
92852624
92852782
92852825
92852836
92852929
92853071
92853090
92853152
92853154
92853294
92853333
92853410
92853963
92854060
92854063
92854119
92854431
92854870
92855064
92855823
92855924
92855978
92856021
92856142
92856252
92856285
92856379
92856641
92857137
92857991
92858403
92858425
92858447
92858492
92858500
92858540
92859245
92859862
92859869
92860238
92860245
92860355
92860983
92860987
92861036
92861062
92861739
92861834
92861992
92862213
92862679
92862854
92863479
92863802
92864212
92864434
92864566
92864946
92865621
92866243
92866335
92866483
92866644
92866928
92867028
92867277
92867661
92867709
92867716
92867795
92868398
92868490
92869682
92880098
92880644
92880876
92881359
92881536
92881982
92882797
92883689
92884978
92885511
92885773
92885882
92885923
92886206
92887098
92887513
92887529
92887694
92887890
92887987
92888281
92888646
92888819
92888926
92889263
92889584
92889947
92890051
92890204
92890232
92890242
92890313
92890530
92891050
92891827
92892186
92892489
92892562
92892718
92893086
92893114
92893230
92893378
92893382
92893417
92893508
92893933
92894224
92895140
92895415
92896518
92897156
92897407
92898016
92898198
92898470
92898963
92899341
92899542
92899646
92899787
92899967
93001494
93001818
93001821
93002378
93002481
93003069
93003344
93003348
93003475
93004021
93004341
93004427
93004562
93004792
93005033
93005175
93005287
93006028
93006289
93006814
93007309
93007361
93007644
93008276
93008934
93009060
93009622
93009717
93009774
93010108
93011056
93011882
93012349
93012929
93013226
93013800
93014443
93015122
93015392
93016278
93016279
93016299
93016528
93016608
93017826
93018157
93018458
93018969
93019532
93019679
93020112
93021406
93022157
93022335
93023118
93023359
93023382
93023533
93024032
93024205
93024339
93024563
93024722
93024819
93025374
93026019
93026350
93026421
93026518
93026853
93027368
93028299
93028703
93029302
93029483
93029586
93029642
93029845
93029853
93030225
93031191
93031276
93031719
93031900
93032049
93032421
93032700
93032862
93033125
93033545
93033897
93034110
93034318
93034375
93034488
93035035
93035183
93035449
93035556
93035907
93036288
93036665
93037353
93037357
93037429
93037745
93038025
93038787
93038831
93038923
93039015
93039017
93039569
93039939
93040047
93040342
93040697
93041411
93041759
93042128
93042481
93042548
93042946
93043038
93043339
93043351
93043372
93043403
93043435
93043437
93043726
93043884
93043915
93044035
93044151
93044223
93044291
93044554
93044839
93045294
93045459
93045474
93045538
93045582
93045869
93045895
93045974
93046258
93046263
93046413
93046437
93046562
93046839
93047030
93047034
93047062
93047100
93047115
93047132
93047327
93047556
93047562
93047654
93048209
93048218
93048231
93048257
93048656
93048712
93048928
93049114
93049136
93049185
93049274
93049278
93049341
93049433
93049453
93049505
93049739
93049823
93049825
93049865
93049962
93050069
93050483
93050579
93050777
93050779
93050993
93051074
93051199
93051325
93051733
93052228
93052229
93052627
93052939
93053039
93053188
93053455
93053587
93053644
93053658
93053701
93053739
93053853
93054099
93054119
93054536
93054653
93054780
93054843
93054962
93055202
93055213
93055268
93055405
93055483
93056206
93056404
93056406
93056695
93056808
93056891
93057179
93058061
93058256
93058597
93058676
93059011
93059419
93059949
93061114
93061287
93061360
93061470
93061638
93061693
93062459
93062724
93062855
93062868
93062905
93063629
93063704
93064019
93064118
93064227
93064296
93064344
93064488
93064565
93064637
93064718
93064880
93064988
93065046
93065048
93065347
93065679
93065683
93065712
93066761
93066787
93067725
93067754
93067962
93068364
93068725
93069001
93069079
93069182
93069274
93069321
93069488
93069855
93080202
93080853
93081750
93081980
93082162
93082198
93082486
93082784
93083167
93084235
93085151
93085233
93085266
93086167
93086264
93086448
93086530
93086588
93087008
93087384
93087426
93087639
93087914
93088374
93088395
93088489
93089013
93089607
93089764
93089937
93089972
93090095
93090096
93090136
93091477
93091560
93091687
93091933
93092520
93093177
93093226
93093381
93093708
93094155
93094196
93094400
93094593
93095084
93095806
93096209
93096428
93096729
93096884
93096922
93098038
93098506
93098509
93099051
93099173
93099606
93200471
93200480
93200943
93202218
93202241
93203010
93203020
93203151
93203476
93203643
93204044
93204251
93204526
93205045
93205106
93205997
93206548
93206570
93206753
93206862
93206968
93207260
93207297
93207388
93207572
93207575
93207719
93207874
93208149
93208334
93208363
93208602
93208690
93208708
93208796
93209055
93210191
93210252
93210526
93210867
93211653
93212314
93212975
93213066
93213385
93213517
93213790
93213801
93213920
93213987
93214312
93215280
93215386
93215499
93215687
93215846
93215946
93215996
93217650
93218112
93218309
93218445
93218538
93218657
93219105
93219146
93220329
93220720
93220786
93220939
93221306
93221309
93221342
93221391
93221512
93222199
93222355
93222415
93222491
93222901
93223752
93224129
93224347
93224380
93224687
93225345
93225434
93225845
93225882
93225925
93227708
93227885
93228394
93228465
93228486
93228538
93229523
93229648
93229652
93229952
93230280
93230287
93230627
93230946
93231016
93231119
93231397
93231556
93231882
93231980
93232174
93232542
93232760
93233914
93235078
93235480
93235682
93235937
93237286
93237396
93237847
93239857
93241974
93243430
93243553
93243627
93243695
93243783
93243874
93243956
93243991
93244261
93246578
93246816
93246969
93247134
93247195
93247271
93247514
93247841
93248245
93249572
93249598
93250748
93251753
93251771
93251785
93253129
93253178
93253182
93253230
93253245
93254382
93254480
93254743
93255025
93255046
93255273
93255625
93256755
93256823
93256859
93256961
93256991
93257137
93257158
93257549
93257879
93258462
93258560
93260268
93260584
93260780
93260848
93261103
93261271
93261747
93261839
93261943
93262138
93263044
93263148
93263800
93264074
93264846
93264922
93265332
93266447
93266459
93266940
93266941
93267053
93267111
93267223
93268235
93268333
93268412
93268883
93269404
93269755
93280424
93280464
93281201
93281561
93281721
93282051
93282861
93283486
93283493
93283986
93284057
93284087
93284281
93284552
93286118
93286161
93287664
93287721
93288276
93289564
93289668
93289930
93290045
93291166
93291595
93291671
93292148
93292469
93292712
93293169
93293281
93293336
93293367
93293441
93293446
93293492
93293846
93294357
93294412
93294764
93294766
93296731
93400295
93401062
93401486
93402419
93402611
93402905
93403940
93404099
93404238
93404757
93404855
93404899
93405170
93405209
93405293
93406005
93406279
93406493
93406617
93406885
93407549
93407621
93407915
93408004
93408592
93411264
93411662
93412334
93412957
93413027
93413281
93413453
93413533
93413748
93413811
93413974
93417308
93417397
