93417414
93417544
93417584
93418846
93419634
93419738
93419935
93420422
93420785
93421155
93421258
93421512
93421558
93421651
93421964
93422261
93422304
93422442
93422625
93422676
93422784
93422978
93423049
93423160
93423252
93423334
93423419
93423697
93424020
93424198
93425065
93425157
93425506
93426034
93426207
93426421
93426461
93427017
93427079
93427324
93427357
93427460
93427598
93427905
93428622
93429211
93429373
93429520
93429711
93429759
93429932
93431221
93431226
93431530
93431634
93431898
93432544
93432556
93432826
93433291
93433495
93433580
93434068
93434695
93434822
93434839
93436577
93437097
93437332
93437525
93438244
93438556
93438671
93439186
93439395
93439437
93439662
93439926
93439927
93439975
93440412
93441236
93441756
93441853
93445035
93445649
93445737
93445953
93446372
93446430
93446584
93446845
93446888
93447210
93447351
93448439
93448635
93449133
93449144
93449308
93449540
93449679
93449993
93451298
93451304
93451339
93451436
93451475
93451482
93451523
93451558
93451980
93452272
93452291
93452466
93452490
93452904
93453131
93453345
93453353
93453653
93453785
93453838
93454045
93454522
93454565
93454937
93455318
93455376
93455456
93456136
93456511
93456770
93456904
93456929
93456965
93457201
93457504
93458073
93459220
93459224
93459687
93459941
93460035
93460580
93461255
93461544
93461636
93462052
93462187
93462423
93462424
93462606
93463155
93463788
93464126
93465020
93467694
93467717
93483657
93483691
93484268
93484416
93484822
93486239
93486346
93486459
93486830
93486923
93486942
93487717
93487992
93489843
93490231
93490306
93490626
93490636
93490709
93490732
93491857
93493486
93493746
93494471
93494523
93494834
93495298
93495452
93495704
93495796
93496038
93496119
93496169
93496305
93497102
93497484
93498438
93499556
93600477
93600779
93600930
93602128
93602231
93602797
93603086
93603333
93603809
93604821
93605867
93606299
93606901
93607618
93608065
93609093
93609357
93609778
93609953
93609996
93610369
93611401
93612446
93612639
93613151
93614183
93614372
93615512
93615530
93615576
93615835
93615900
93616058
93616150
93616899
93617469
93617680
93617853
93619580
93620002
93620014
93620443
93620707
93620782
93621956
93622260
93622464
93622750
93623181
93623264
93623395
93624057
93624741
93624768
93625661
93625673
93625797
93627114
93628066
93628160
93628305
93628870
93628900
93629152
93629364
93629380
93629834
93630266
93631148
93631379
93631461
93631915
93632100
93632191
93632443
93632883
93632918
93633588
93634085
93634246
93634304
93634463
93634896
93634934
93634943
93635060
93635100
93635885
93636252
93636289
93636304
93636363
93636754
93637145
93637233
93637696
93637730
93637854
93638429
93638519
93638558
93639145
93640017
93640548
93640861
93640920
93641069
93642284
93642500
93642781
93643305
93644523
93644652
93644901
93645219
93645390
93645805
93645846
93645973
93646270
93646667
93646791
93646964
93647312
93647917
93648199
93648426
93648907
93649015
93650208
93650926
93651571
93651682
93651800
93651863
93652629
93652766
93652987
93653917
93654217
93654396
93655076
93655141
93655610
93655856
93655915
93656614
93656786
93658025
93658208
93658774
93658834
93659184
93659554
93659756
93659915
93661339
93661441
93661580
93661997
93662871
93662897
93663283
93664078
93664185
93664452
93665183
93665438
93666013
93666228
93666541
93666932
93667413
93667726
93667902
93669295
93669390
93670181
93670306
93670501
93671811
93672117
93672177
93672300
93672404
93672471
93673022
93673348
93673568
93674406
93675773
93676526
93677870
93678497
93678872
93679054
93679833
93680022
93682212
93682278
93682606
93683000
93683276
93683447
93683868
93683928
93684125
93684250
93684980
93685308
93686477
93686658
93686660
93686815
93686941
93688886
93690192
93690590
93690594
93691020
93691141
93691363
93691430
93691559
93691736
93692413
93692814
93693295
93693359
93694364
93694616
93694938
93695074
93695194
93695737
93695779
93696780
93696950
93697326
93698523
93698873
93699138
93800560
93801741
93802300
93802621
93803448
93803944
93804072
93805507
93806585
93806638
93807816
93807856
93808005
93808301
93808433
93808855
93809028
93809568
93809623
93810630
93810882
93811223
93811563
93812372
93812992
93813274
93813555
93813564
93813633
93814279
93814426
93815954
93816307
93816354
93816543
93816855
93816945
93817133
93817173
93817224
93817742
93818146
93818875
93818941
93819823
93820125
93820259
93820496
93820767
93821286
93821378
93821764
93822326
93822607
93823005
93825600
93825628
93826165
93826996
93827570
93827711
93828391
93828801
93829443
93829459
93829661
93829723
93829724
93830154
93830368
93830972
93831027
93831136
93831395
93831680
93831783
93832691
93832908
93833028
93833551
93833694
93833828
93834707
93835616
93836488
93837399
93837835
93837909
93838258
93838461
93838622
93838673
93839694
93839854
93840229
93840377
93842152
93842382
93842862
93842907
93845669
93846154
93847430
93847579
93848311
93848793
93848818
93849077
93849831
93849990
93850165
93851451
93851552
93851860
93852013
93852108
93852261
93852409
93852608
93852639
93852660
93853008
93853419
93853464
93853739
93853762
93854066
93854303
93854569
93855115
93855294
93855703
93855711
93855731
93855782
93856318
93856465
93856638
93857143
93857560
93857885
93858077
93858390
93858537
93858544
93858563
93858838
93859337
93860370
93861400
93861473
93861592
93861746
93862040
93862165
93862673
93862746
93863143
93864045
93864500
93864686
93865486
93865963
93866206
93866445
93867036
93867101
93867401
93867609
93867802
93868256
93868487
93870309
93870391
93870447
93870455
93870527
93870632
93870819
93871264
93871327
93871791
93872222
93872224
93872520
93872562
93873028
93873324
93873807
93873901
93873943
93874082
93874131
93874318
93875254
93876230
93876516
93876672
93877303
93877738
93878716
93879136
93879912
93879928
93880563
93880605
93881128
93881519
93882034
93882061
93882192
93882643
93882799
93883328
93883394
93883437
93883801
93884015
93884306
93884670
93885358
93885987
93886109
93886142
93886152
93886769
93887193
93887269
93887314
93887488
93887754
93888036
93888187
93888505
93888815
93889220
93889339
93889381
93889503
93889585
93889785
93890166
93890893
93891395
93891846
93892001
93892455
93892714
93892880
93893029
93893323
93893333
93894162
93894522
93894858
93895384
93895579
93895661
93895900
93895930
93896363
93896691
93896706
93897273
93897405
93898037
93898050
93898565
93899057
94200000
94206597
94206604
94206606
94206611
94206633
94206635
94206639
94206653
94206660
94206674
94206678
94206679
94206685
94206690
94206691
94206724
94206771
94206776
94206807
94206808
94206809
94206813
94206815
94206817
94206821
94206822
94206824
94206825
94206834
94206835
94206840
94206842
94206843
94206847
94206867
94206871
94206874
94206875
94206878
94206883
94206886
94206889
94206890
94206893
94206898
94206899
94206901
94206903
94206905
94206912
94206914
94206915
94206917
94206918
94206919
94206920
94206922
94206923
94206925
94206926
94206927
94206938
94206939
94206950
94206952
94206958
94206963
94206966
94206969
94206971
94206986
94206988
94206994
94207004
94207007
94207011
94207012
94207013
94207017
94207020
94207025
94207026
94207028
94207029
94207030
94207039
94207046
94207052
94207058
94207065
94207071
94207073
94207074
94207079
94207089
94207097
94207098
94207099
94207100
94207107
94207109
94207116
94207122
94207137
94207140
94207142
94207145
94207147
94207148
94207149
94207151
94207152
94207154
94207158
94207162
94207163
94207164
94207166
94207175
94207177
94207178
94207186
94207189
94207193
94207203
94207204
94207210
94207215
94207225
94207226
94207232
94207234
94207235
94207240
94207242
94207246
94207252
94207255
94207261
94207263
94207265
94207266
94207272
94207274
94207275
94207282
94207284
94207292
94207304
94207306
94207312
94207317
94207318
94207319
94207320
94207323
94207324
94207332
94207334
94207336
94207341
94207342
94207352
94207361
94207366
94207372
94207381
94207385
94207386
94207389
94207397
94207404
94207407
94207408
94207413
94207416
94207423
94207426
94207427
94207429
94207434
94207439
94207443
94207447
94207450
94207452
94207453
94207455
94207463
94207464
94207466
94207467
94207472
94207474
94207476
94207479
94207494
94207495
94207504
94207506
94207516
94207519
94207532
94207543
94207545
94207546
94207552
94207557
94207559
94207568
94207570
94207576
94207582
94207584
94207598
94207603
94207615
94207621
94207622
94207624
94207636
94207648
94207652
94207653
94207659
94207661
94207664
94207667
94207668
94207669
94207670
94207672
94207673
94207686
94207687
94207688
94207689
94207690
94207691
94207696
94207703
94207704
94207706
94207709
94207717
94207723
94207726
94207730
94207734
94207735
94207738
94207744
94207746
94207753
94207756
94207760
94207761
94207762
94207764
94207768
94207769
94207770
94207775
94207778
94207784
94207789
94207790
94207792
94207796
94207797
94207801
94207802
94207804
94207805
94207808
94207817
94207819
94207823
94207824
94207825
94207826
94207836
94207839
94207841
94207842
94207843
94207844
94207845
94207848
94207851
94207853
94207855
94207856
94207862
94207863
94207865
94207866
94207868
94207869
94207872
94207873
94207878
94207880
94207881
94207882
94207885
94207889
94207890
94207894
94207896
94207898
94207901
94207902
94207905
94207906
94207909
94207911
94207916
94207919
94207920
94207921
94207925
94207926
94207928
94207930
94207931
94207939
94207940
94207943
94207944
94207945
94207946
94207947
94207948
94207949
94207955
94207957
94207958
94207961
94207962
94207965
94207966
94207967
94207968
94207973
94207975
94207976
94207977
94207979
94207980
94207981
94207986
94207992
94207994
94208008
94208010
94208013
94208014
94208015
94208018
94208027
94208028
94208033
94208037
94208039
94208040
94208042
94208045
94208047
94208048
94208054
94208055
94208064
94208065
94208066
94208070
94208072
94208073
94208078
94208079
94208081
94208085
94208088
94208090
94208091
94208092
94208093
94208095
94208096
94208097
94208098
94208116
94208173
94208184
94208207
94208221
94208223
94208244
94208260
94208261
94208265
94208297
94208300
94208301
94208307
94208310
94208320
94208329
94208335
94208337
94208339
94208381
94208406
94208498
94208500
94208502
94208504
94208505
94208507
94208511
94208514
94208518
94208520
94208526
94208529
94208534
94208537
94208538
94208543
94208546
94208547
94208551
94208553
94208554
94208567
94208568
94208573
94208574
94208575
94208580
94208583
94208587
94208588
94208589
94208590
94208594
94208607
94208609
94208611
94208612
94208616
94208618
94208628
94208629
94208635
94208641
94208642
94208653
94208655
94208656
94208657
94208663
94208666
94208676
94208680
94208684
94208686
94208687
94208693
94208694
94208733
94208735
94208736
94208738
94208742
94208755
94208761
94208767
94208774
94208781
94208783
94208794
94208799
94208802
94208804
94208805
94208809
94208812
94208813
94208816
94208817
94208819
94208820
94208825
94208826
94208837
94208840
94208844
94208849
94208864
94208865
94208870
94208872
94208875
94208887
94208888
94208892
94208908
94208911
94208915
94208917
94208921
94208924
94208929
94208944
94208951
94208953
94208964
94208973
94208979
94208981
94208984
94208987
94208993
94208997
94208999
94209000
94209003
94209010
94209013
94209015
94209020
94209040
94209047
94209049
94209062
94209065
94209068
94209071
94209076
94209082
94209089
94209096
94209098
94209103
94209104
94209109
94209110
94209111
94209112
94209117
94209122
94209127
94209128
94209129
94209130
94209138
94209139
94209141
94209149
94209159
94209170
94209172
94209178
94209180
94209181
94209196
94209198
94209199
94209204
94209205
94209209
94209213
94209218
94209221
94209223
94209225
94209235
94209246
94209254
94209255
94209256
94209257
94209261
94209266
94209267
94209272
94209274
94209277
94209284
94209288
94209289
94209290
94209291
94209292
94209293
94209295
94209296
94209297
94209298
94209302
94209303
94209304
94209307
94209308
94209310
94209311
94209312
94209315
94209316
94209322
94209327
94209330
94209333
94209336
94209339
94209342
94209344
94209345
94209350
94209352
94209353
94209361
94209365
94209366
94209367
94209373
94209375
94209377
94209380
94209384
94209385
94209387
94209388
94209389
94209397
94209398
94209400
94209401
94209402
94209408
94209418
94209419
94209423
94209426
94209429
94209430
94209431
94209432
94209436
94209438
94209439
94209440
94209441
94209442
94209449
94209454
94209457
94209458
94209463
94209465
94209468
94209469
94209470
94209472
94209480
94209482
94209486
94209487
94209488
94209489
94209493
94209494
94209496
94209497
94209499
94209500
94209504
94209508
94209513
94209516
94209525
94209528
94209531
94209537
94209542
94209543
94209544
94209553
94209556
94209571
94209578
94209582
94209583
94209584
94209585
94209586
94209587
94209591
94209592
94209594
94209598
94209599
94209602
94209604
94209607
94209608
94209609
94209613
94209618
94209619
94209620
94209621
94209622
94209623
94209624
94209626
94209627
94209631
94209633
94209636
94209638
94209640
94209644
94209645
94209657
94209661
94209664
94209665
94209666
94209667
94209668
94209671
94209673
94209675
94209676
94209678
94209680
94209682
94209685
94209686
94209697
94209744
94209752
94209753
94209760
94209761
94209772
94209784
94209785
94209808
94209828
94209952
94209955
94209962
94209963
94209998
94209999
94210000
94217264
94217270
94217273
94217275
94217279
94217280
94217304
94217305
94217306
94217307
94217308
94217310
94217315
94217319
94217320
94217323
94217324
94217325
94217327
94217330
94217333
94217334
94217345
94217346
94217347
94217352
94217353
94217355
94217356
94217358
94217360
94217361
94217368
94217369
94217372
94217373
94217375
94217380
94217382
94217394
94217397
94217399
94217400
94217403
94217407
94217409
94217412
94217413
94217418
94217422
94217425
94217427
94217429
94217430
94217432
94217438
94217439
94217444
94217570
94218000
94218111
94218602
94218800
94222222
94300000
94300112
94300458
94300863
94302070
94304643
94305280
94306380
94306798
94307357
94307997
94312423
94314890
94316895
94317171
94318101
94318352
94319232
94319530
94320093
94320601
94320991
94320994
94321965
94324402
94324634
94327226
94328015
94328038
94328153
94330189
94330241
94330316
94332414
94332875
94333102
94333180
94333454
94334121
94337510
94337774
94338625
94338964
94339611
94340466
94340688
94341770
94343814
94344469
94351997
94352114
94353666
94357381
94357530
94359753
94361312
94361515
94361546
94362777
94363892
94364065
94364220
94364260
94364449
94364504
94364663
94364758
94364769
94365157
94365486
94365678
94365718
94366035
94366201
94366248
94366346
94367077
94367226
94367268
94367294
94367599
94367620
94367742
94367982
94368472
94368817
94368880
94369020
94369276
94369469
94369481
94369892
94370040
94370043
94370623
94370635
94370761
94371607
94371660
94371786
94371852
94372203
94372210
94372308
94372559
94372864
94372878
94373718
94373786
94373941
94374097
94374106
94374305
94374739
94375641
94375694
94376375
94376433
94376940
94377505
94377608
94378100
94378164
94379757
94379859
94379956
94380134
94380591
94381085
94381251
94381273
94381323
94381645
94381671
94381859
94381893
94382169
94382379
94382729
94382736
94383500
94383888
94384390
94384451
94385031
94386458
94387594
94387890
94388216
94389734
94390759
94393266
94394083
94394848
94395627
94395812
94397083
94398864
94399185
94399939
94401367
94401569
94404023
94404693
94405030
94405511
94407796
94408740
94409138
94410733
94410783
94411021
94411044
94416150
95020149
95021551
95021602
95021706
95021992
95022314
95022428
95022602
95023155
95023837
95023970
95024639
95025275
95025668
95026181
95026265
95026406
95026872
95026937
95027060
95027493
95027528
95027616
95027745
95028054
95028143
95028530
95029418
95029983
95031073
95031233
95031375
95032166
95032448
95032681
95033361
95033631
95034290
95035371
95035377
95035388
95035826
95035890
95036707
95036853
95037686
95037703
95038107
95038257
95038353
95039027
95039382
95040281
95040523
95041341
95042095
95042138
95042446
95042541
95042658
95042680
95042724
95042893
95043023
95043570
95043668
95043679
95043936
95044387
95045255
95045927
95046414
95046801
95047071
95047599
95048050
95048196
95048215
95048535
95048910
95049339
95050205
95050450
95051082
95051116
95051125
95051175
95051702
95052288
95052332
95052633
95053013
95053044
95053272
95053315
95053408
95053616
95053879
95054110
95054295
95054498
95054740
95055255
95055374
95055592
95056137
95056882
95057451
95057751
95057917
95058366
95058368
95059453
95059854
95060058
95060544
95060569
95061248
95061436
95061588
95062350
95062438
95062713
95062916
95063288
95063594
95063731
95063916
95064773
95064959
95065187
95065214
95065288
95065935
95066267
95066906
95067210
95067573
95067996
95068057
95068466
95068843
95069151
95070345
95071208
95072007
95072125
95073139
95074805
95075101
95075368
95075914
95075949
95076015
95076358
95076548
95076694
95076727
95077291
95077847
95077875
95078861
95079064
95079150
95079362
95079371
95079813
95079814
95079903
95079976
95080675
95080898
95082672
95083290
95083731
95083860
95083876
95085601
95085704
95086040
95086096
95086396
95087419
95087748
95088178
95088529
95089358
95089871
95090392
95092633
95092700
95092723
95095374
95096115
95096547
95096568
95099828
95100329
95100440
95100670
95100803
95101302
95101482
95102430
95102731
95102891
95103440
95103515
95103602
95103813
95104042
95104301
95104395
95104401
95104595
95104656
95106090
95106130
95106197
95106389
95107718
95108190
95108204
95108218
95108395
95108692
95108763
95109088
95109173
95109712
95110303
95110393
95111388
95111436
95111976
95112236
95112392
95112944
95113592
95113918
95115260
95115448
95116436
95117373
95117437
95117772
95117874
95118301
95119013
95119437
95119665
95120293
95120460
95120591
95121650
95121916
95122120
95122128
95122222
95122724
95122992
95123092
95124026
95124279
95124459
95126174
95126231
95126445
95126464
95126637
95126699
95127003
95127760
95128027
95128505
95128558
95128647
95128793
95128985
95129116
95129545
95129897
95129977
95130523
95131720
95132367
95132567
95133732
95133804
95134142
95134354
95134616
95135321
95137027
95137534
95137604
95137671
95137772
95138705
95138833
95139206
95140173
95140188
95140996
95141005
95141209
95141245
95141363
95142698
95142759
95143899
95143923
95144272
95144437
95144762
95145111
95145737
95146253
95146769
95147238
95147359
95147623
95147717
95148347
95148441
95148842
95150026
95150076
95150451
95152579
95152669
95152972
95153225
95154177
95154488
95154637
95154753
95154928
95155288
95155298
95155536
95155868
95156353
95156665
95157092
95157206
95157553
95158087
95158316
95158480
95158538
95159349
95159684
95159747
95160214
95160344
95160718
95161177
95161453
95161783
95161886
95162081
95162291
95162598
95162728
95162889
95162897
95163552
95164018
95164732
95165024
95165341
95165580
95165822
95166335
95166663
95167879
95168427
95168492
95169313
95170206
95170254
95170414
95170559
95170967
95171060
95171201
95172180
95173201
95173250
95173998
95174077
95174104
95174260
95175489
95175709
95175734
95175999
95176238
95176284
95177065
95177545
95177607
95177985
95178671
95178767
95179073
95179901
95180108
95180898
95181840
95181959
95182008
95182219
95182589
95183612
95183731
95183874
95183893
95184321
95184543
95185773
95185918
95186019
95186631
95186979
95187152
95188059
95188475
95189183
95189418
95191459
95195059
95195848
95198484
95198588
95200117
95200121
95200385
95200680
95201059
95201112
95201410
95202089
95202119
95202428
95203237
95204469
95205342
95205842
95206149
95206649
95206787
95207122
95207147
95207283
95207594
95207718
95208121
95208648
95208765
95209823
95210017
95210086
95210786
95210926
95211165
95211523
95211604
95212822
95212905
95213058
95213330
95213472
95213992
95214123
95214227
95214449
95214674
95215529
95215648
95215778
95215840
95215958
95216067
95216828
95217030
95217181
95217587
95218251
95218332
95219950
95220210
95220338
95220668
95220908
95220994
95221078
95221116
95221138
95221252
95221513
95222128
95222348
95222883
95223514
95224294
95224323
95224767
95225031
95225934
95225969
95226115
95226195
95226518
95226814
95227345
95227361
95228255
95228414
95229207
95229522
95229665
95230083
95230453
95230699
95230857
95230989
95231639
95231800
95231823
95231998
95234170
95234288
95234316
95234548
95234751
95234806
95235222
95236012
95236178
95236180
95236622
95236905
95236980
95237210
95237370
95237641
95237939
95238187
95238295
95238365
95238700
95239052
95239464
95239824
95240173
95240533
95241099
95241135
95241143
95241630
95242163
95242646
95243051
95243119
95243769
95243969
95244275
95244384
95244422
95245079
95245123
95245154
95246077
95246271
95246427
95246550
95247042
95247116
95247307
95247577
95249108
95249169
95250459
95250676
95251649
95252602
95253050
95253723
95253751
95253995
95254712
95254910
95254988
95256046
95256049
95256670
95256910
95257269
95257726
95257731
95257953
95258039
95259400
95259898
95259996
95261758
95262282
95262956
95266463
95266786
95267164
95267898
95268586
95269271
95271072
95271415
95271790
95272003
95272185
95272227
95272725
95272737
95273011
95273034
95273709
95274249
95274645
95274677
95275647
95276650
95276817
95276947
95277243
95277332
95277789
95277985
95278114
95278188
95278189
95278655
95279033
95279337
95279960
95280042
95280069
95280554
95281079
95281206
95281561
95281634
95281644
95281729
95282546
95283415
95283534
95283799
95284857
95284949
95285496
95285579
95285674
95285852
95285995
95286804
95286819
95286966
95287149
95288183
95288230
95288278
95288556
95289158
95289316
95289497
95289616
95289939
95290194
95290434
95290581
95290783
95291879
95299184
95299463
95299988
95701057
95701613
95702557
95702587
95703141
95703399
95703702
95703998
95704011
95704150
95704168
95704169
95704353
95705068
95705204
95705216
95705898
95706133
95706703
95706943
95707496
95707526
95707638
95709352
95709795
95709993
95721442
95721638
95722848
95723070
95723074
95723484
95724102
95724354
95724486
95724838
95725054
95725175
95725782
95725806
95726223
95727005
95727087
95727702
95728029
95728315
95728589
95729214
95729298
95729486
95729493
95729778
95729894
95730112
95731051
95731280
95731316
95731425
95731613
95731750
95731885
95732163
95732898
95733282
95733301
95733792
95733928
95734402
95734837
95734864
95734943
95735254
95735319
95735649
95735874
95739024
95739164
95739816
95742894
95743368
95743650
95744088
95744150
95744189
95744198
95744278
95744346
95744473
95744697
95746068
95746070
95746345
95746714
95746934
95748419
95748426
95748474
95748557
95749023
95749514
95749518
95750101
95750438
95750894
95751754
95752691
95753094
95754320
95754465
95755687
95756437
95756955
95757545
95758050
95758344
95760012
95760562
95760699
95761170
95761538
95761749
95761876
95762220
95762502
95763891
95763920
95764109
95764135
95764162
95764485
95764670
95764768
95765338
95767750
95768114
95768828
95768939
95769416
95769587
95770858
95771127
95771345
95771883
95772526
95773310
95773821
95775499
95775807
95776204
95776240
95776280
95776409
95777103
95778156
95778610
95778841
95778930
95778984
95779431
95779540
95779592
95779671
95779703
95779840
95779963
95780061
95780184
95780914
95781004
95781527
95781559
95782403
95782509
95782852
95783117
95783294
95783724
95784338
95785318
95785397
95785420
95785468
95785649
95785825
95786395
95786450
95786699
95787152
95787595
95788281
95788527
95789742
95789750
95790151
95791734
95792105
95792379
95792804
95792954
95793343
95793434
95793741
95793744
95793955
95795132
95795220
95795425
95795802
95795903
95796834
95797105
95797181
95797397
95797682
95798094
95798184
95798232
95798680
95799473
95799534
95799687
95800079
95800426
95800468
95801668
95801716
95802059
95802555
95802612
95803053
95803195
95804279
95804893
95805100
95805201
95805709
95805895
95806370
95806623
95807084
95807313
95809451
95809798
95810123
95810516
95810729
95811140
95811144
95811276
95811391
95811443
95811789
95812214
95812441
95812699
95812868
95813318
95813469
95813874
95814085
95814144
95814649
95814716
95815072
95815439
95816333
95816435
95817835
95818219
95818414
95819426
95819701
95820676
95820967
95821574
95821605
95821904
95822091
95822344
95822919
95823174
95823403
95825265
95825648
95825709
95826059
95826343
95826350
95827123
95827309
95827843
95828373
95828431
95828445
95828699
95828815
95829283
95829588
95832444
95832531
95833278
95833431
95833771
95833810
95834136
95834367
95834999
95835132
95835557
95836347
95837287
95837754
95837791
95837840
95837902
95837947
95838334
95838606
95838910
95839673
95839783
95840039
95840140
95840922
95840996
95841379
95841415
95842139
95842588
95843214
95843500
95843531
95843560
95844417
95844476
95845926
95846177
95847575
95847858
95847996
95848451
95848471
95849285
95849655
95849973
95850014
95850871
95851833
95852269
95852890
95853027
95853612
95853697
95853745
95853895
95853932
95854348
95854798
95855154
95855419
95857286
95857470
95857756
95859031
95859210
95859635
95859938
95860059
95860283
95860816
95861333
95861656
95862403
95862888
95863512
95863876
95864127
95864520
95864527
95864617
95865407
95865426
95865573
95865918
95866237
95866783
95867128
95867427
95867975
95868266
95868418
95868633
95870142
95870350
95870472
95870478
95870662
95872333
95872447
95872673
95872963
95873790
95874290
95874317
95874625
95875083
95875143
95875422
95875838
95875935
95875961
95876418
95876573
95876668
95876774
95876815
95876975
95878094
95878988
95879550
95880786
95881042
95881092
95881114
95881262
95881384
95881535
95882019
95883003
95883222
95883268
95884082
95884615
95884674
95886144
95886362
95886429
95886502
95887295
95887403
95887460
95887622
95887977
95888054
95888504
95888508
95888521
95889080
95889295
95889481
95889519
95890136
95890180
95890261
95890358
95891241
95891384
95891745
95892294
95892333
95892670
95892806
95892952
95893148
95893487
95893851
95897561
95898219
95898544
95898546
95899361
95900003
95900964
95901869
95902246
95902313
95902460
95902804
95903078
95903860
95904915
95905095
95906364
95906640
95907008
95907058
95907373
95908919
95909403
95909447
95909519
95910701
95911637
95912073
95912136
95912434
95912694
95913932
95915107
95915723
95915830
95916212
95916332
95917350
95918353
95918624
95918735
95919069
95919585
95920348
95920994
95921480
95921658
95921745
95922016
95922426
95922949
95923242
95923282
95924445
95924947
95925289
95925526
95925564
95925575
95925738
95925991
95926285
95926477
95927161
95927211
95928171
95928419
95928499
95928625
95928678
95928698
95929163
95929598
95929837
95930020
95930065
95930075
95931593
95931929
95932013
95932825
95933409
95933420
95933512
95933727
95933812
95934160
95934252
95934294
95935087
95935239
95935684
95936215
95936521
95936565
95938119
95938164
95938355
95939072
95939207
95939541
95940164
95940505
95941748
95942207
95942699
95942939
95943168
95943197
95943361
95943438
95943500
95943919
95943946
95944088
95944445
95944524
95944563
95944638
95945193
95945267
95945453
95945457
95945658
95946340
95946737
95946795
95946872
95946885
95947101
95947427
95947982
95947994
95947996
95948139
95948348
95948417
95948490
95948593
95949143
95949184
95949240
95949337
95949681
95949718
95949741
95955599
95960229
95960406
95961282
95961284
95961429
95961995
95962126
95963739
95964436
95964591
95964682
95965184
95965205
95965545
95966009
95966067
95966499
95966540
95966977
95966980
95967056
95967196
95967253
95967597
95968415
95968440
95968713
95968814
95968946
95969806
95970087
95970374
95970554
95970902
95971221
95971714
95971739
95972091
95972685
95973477
95973517
95974036
95974089
95975541
95975583
95976202
95976301
95977108
95977606
95977642
95977709
95977871
95977934
95978215
95978957
95979510
95979569
95979899
95985422
95988906
95990041
95990204
95990575
95991025
95991251
95991698
95992076
95992536
95992884
95993387
95993528
95993801
95993825
95994643
95994713
95994873
95994912
95995286
95995381
95995468
95996777
95997147
95997368
95997717
95997974
95998028
95998217
95998651
95998759
95998912
95999222
95999223
95999472
96220276
96224954
96225982
96226931
96229421
96230923
96233571
96233881
96234417
96234530
96239366
97000068
97001432
97001589
97001712
97001730
97001826
97001921
97001941
97002767
97002948
97003078
97003088
97003586
97004126
97004973
97005141
97005257
97005298
97005532
97006148
97006316
97006879
97006997
97009114
97009419
97010754
97011127
97011198
97011362
97011497
97011884
97012359
97012882
97013129
97013162
97013739
97013898
97014102
97014156
97014163
97014192
97014298
97014952
97015416
97015679
97016026
97016105
97016273
97016416
97016560
97016947
97017839
97017930
97018137
97018539
97018588
97018616
97018966
97019015
97019296
97019597
97019753
97020312
97020455
97021019
97021322
97021732
97022965
97023091
97023269
97023340
97023485
97024166
97024332
97024346
97024832
97024839
97025011
97025242
97026789
97027251
97027668
97028009
97028014
97028043
97028468
97028506
97028967
97029174
97029600
97029759
97031016
97031581
97031760
97032466
97033002
97033535
97033781
97033886
97034021
97034318
97034501
97034647
97034911
97035750
97036081
97036737
97036997
97037733
97037965
97038133
97038285
97038498
97039574
97040374
97040716
97040821
97042093
97042125
97042767
97042796
97042828
97043173
97043269
97043930
97044033
97044273
97044330
97044573
97044597
97044636
97044781
97045725
97045863
97045873
97045987
97046520
97046707
97046944
97047042
97047265
97047313
97047875
97058034
97060203
97060399
97060557
97061472
97062207
97062593
97063206
97063274
97063590
97063802
97064612
97065121
97065250
97066145
97066250
97066958
97067057
97067991
97068381
97069389
97069949
97069970
97070595
97070990
97071106
97072267
97072528
97072966
97073068
97073374
97073754
97073969
97074357
97074656
97074670
97074964
97075118
97075336
97075832
97075909
97076930
97077078
97077257
97077654
97077692
97077950
97078167
97079336
97079601
97080511
97080604
97081357
97081915
97082702
97083563
97083634
97083680
97083820
97083897
97084528
97085394
97085416
97085459
97085504
97085707
97085782
97086395
97086772
97086839
97087581
97087689
97088199
97088797
97089198
97089217
97089503
97089534
97090028
97090469
97091052
97091107
97091723
97091866
97091887
97091960
97092238
97092334
97092527
97093159
97093163
97093319
97093717
97093791
97094062
97094305
97095307
97095480
97095823
97096016
97096033
97096263
97096404
97098161
97098250
97098710
97099193
97099269
97099714
97099724
97099787
97099925
97100052
97100187
97100559
97100566
97100593
97100630
97101221
97101802
97101865
97101897
97102552
97103064
97103498
97103720
97104492
97105667
97105735
97106051
97107442
97107951
97108003
97108016
97108178
97108331
97108874
97109270
97109309
97109550
97109646
97110102
97110201
97110731
97110856
97111119
97111125
97111189
97111214
97111850
97112232
97112269
97112445
97112498
97113427
97113826
97114406
97114539
97115274
97115723
97115968
97116273
97116310
97116433
97116701
97116825
97117011
97117305
97117349
97117716
97117951
97117974
97118223
97118257
97118358
97118387
97118545
97118631
97119206
97119518
97119806
97119916
97119963
97120276
97121854
97122018
97122107
97122233
97122524
97123158
97123357
97123435
97123637
97124026
97124140
97124199
97124207
97124463
97124612
97124672
97124889
97124994
97125358
97125613
97125702
97125941
97125990
97126252
97126262
97126330
97126536
97126674
97126876
97127516
97128095
97128289
97128719
97128852
97128947
97129111
97129213
97129351
97130267
97130274
97130394
97130716
97130964
97131630
97131767
97132734
97132928
97133770
97133945
97134941
97135072
97135275
97136071
97136653
97137121
97138102
97139949
97139993
97140198
97140636
97140661
97141168
97141279
97141829
97142095
97142404
97142741
97143108
97143228
97143295
97143775
97144505
97144760
97144959
97144997
97145069
97146133
97146228
97146254
97147871
97148069
97148431
97148584
97148816
97149130
97149140
97149474
97149555
97150622
97151495
97152033
97152511
97152661
97152958
97153050
97153497
97153645
97154086
97155639
97155850
97155861
97156124
97156185
97156323
97156488
97156512
97156917
97158321
97158789
97158903
97159190
97159609
97160729
97160929
97161075
97162419
97162505
97162550
97162839
97163567
97163673
97163722
97163915
97163924
97164202
97164349
97164431
97164492
97165555
97165888
97166098
97166420
97166561
97166922
97167140
97167464
97167500
97167654
97167905
97168002
97168101
97168148
97168566
97168592
97168730
97168917
97169619
97170916
97171065
97171126
97171249
97171610
97171869
97171930
97172166
97172474
97172574
97172921
97172931
97173380
97173977
97174209
97174256
97174544
97174951
97175080
97175207
97175687
97175792
97176410
97176653
97176748
97176790
97177030
97177235
97177892
97178506
97178613
97179514
97179736
97179833
97179854
97179881
97180795
97180947
97181359
97181686
97181812
97182326
97182367
97182435
97183476
97183540
97183821
97184073
97184264
97184289
97184553
97184933
97184960
97184969
97184996
97185050
97185307
97185792
97186047
97186131
97186616
97186658
97186775
97186841
97186979
97187007
97187826
97188084
97188724
97188734
97189826
97190098
97190358
97191383
97191486
97192051
97192303
97193028
97193292
97193556
97193779
97193878
97194586
97194781
97195180
97195188
97195643
97196260
97197278
97197294
97197943
97199143
97199250
97199287
97199294
97199319
97199374
97199424
97199606
97199934
97500554
97501225
97501358
97501556
97503535
97503961
97503995
97504013
97504073
97504240
97504357
97504922
97505327
97505884
97506084
97506464
97506988
97507464
97507927
97507984
97507996
97508183
97508337
97509290
97509837
97510327
97510725
97510823
97511279
97511460
97511486
97512352
97512670
97512775
97512982
97513339
97514202
97514264
97514291
97514312
97514436
97514660
97515317
97515360
97516168
97516228
97516649
97516661
97516822
97517039
97517197
97517200
97517626
97518051
97518510
97518971
97519105
97519678
97520015
97520347
97521409
97521505
97521551
97521816
97522065
97522138
97522209
97522249
97522356
97523049
97523329
97523448
97523929
97524388
97525008
97525043
97525051
97525099
97527022
97527548
97527754
97528357
97528471
97528505
97528715
97529089
97529248
97529260
97529316
97529593
97529831
97530349
97530412
97531012
97531303
97531304
97532234
97532923
97533191
97533514
97534026
97535055
97535344
97535644
97535736
97536140
97536162
97536272
97536688
97537020
97537498
97537717
97538175
97538647
97539009
97539609
97539675
97539853
97539893
97539955
97540325
97540358
97541245
97541271
97542472
97542596
97543232
97543238
97543283
97544225
97544903
97545188
97546163
97546166
97546955
97547034
97547250
97547615
97548013
97548036
97548581
97548678
97548708
97549608
97554479
97558785
97560596
97560737
97561176
97561247
97561351
97561980
97562452
97562980
97563507
97563567
97563884
97564220
97564463
97564570
97564575
97565283
97565852
97566170
97566994
97567526
97567658
97567758
97568013
97569042
97569072
97569578
97569590
97569832
97569972
97570272
97570468
97571462
97571872
97571906
97572115
97572252
97572284
97572499
97572769
97573087
97573755
97573763
97573802
97574525
97574779
97574842
97575117
97575142
97575161
97575799
97575800
97575919
97575968
97578514
97578861
97579562
97579574
97579579
97579785
97579803
97580036
97580117
97580256
97580786
97580841
97581088
97581285
97581421
97581583
97582045
97582311
97582373
97582622
97582704
97583035
97583549
97583753
97583887
97583967
97584104
97584157
97584477
97584654
97585652
97585907
97585920
97586016
97586291
97587022
97587642
97588487
97588781
97589153
97589312
97589833
97589945
97590220
97590679
97590864
97591290
97591637
97591779
97592019
97592427
97592943
97593042
97593071
97593766
97593840
97594194
97594223
97594795
97594901
97595814
97596096
97596311
97596622
97597199
97597339
97597354
97597645
97598095
97598166
97598621
97600014
97600523
97600561
97600764
97600799
97600914
97601132
97601354
97601449
97601649
97602089
97602311
97602322
97602452
97602488
97602849
97603159
97603233
97603244
97603755
97604001
97605047
97605246
97606367
97606567
97606800
97607593
97607759
97607881
97608002
97608751
97608856
97608877
97609674
97609995
97610211
97610218
97610517
97611392
97611472
97611753
97611836
97612202
97613101
97613173
97613939
97614078
97614137
97614485
97615386
97615590
97615883
97615896
97616451
97619075
97619098
97619288
97619364
97619469
97619493
97619546
97619842
97620208
97620763
97621154
97621213
97621711
97621739
97621852
97622577
97622634
97622638
97622966
97624897
97625024
97625708
97626224
97628014
97628844
97628975
97629510
97630394
97630907
97631152
97631313
97631397
97631548
97631549
97631717
97631993
97632990
97633216
97633715
97633741
97635757
97636341
97636402
97636880
97636922
97636939
97637369
97637376
97637912
97638605
97638656
97638821
97639255
97639491
97639841
97641086
97641267
97641425
97641562
97641705
97644975
97645397
97646037
97646748
97646895
97647447
97648408
97648775
97649162
97649328
97649704
97650273
97650977
97651204
97651592
97652475
97652690
97653159
97653477
97653487
97653504
97653665
97653710
97653818
97653882
97654279
97655018
97655185
97655730
97656322
97656571
97656830
97657082
97657721
97657821
97657912
97658560
97659486
97659863
97659991
97660041
97660830
97661001
97661472
97661884
97662431
97662799
97663685
97663864
97664458
97664537
97665497
97665760
97665886
97665999
97666214
97666883
97666948
97667791
97667932
97668488
97668941
97668970
97669212
97669460
97669471
97669664
97669793
97670322
97670917
97670995
97671541
97672190
97672358
97672957
97673202
97673314
97673763
97674692
97675068
97675405
97675850
97676340
97676350
97676532
97676583
97676630
97677224
97677751
97678006
97678430
97679448
97679736
97679802
97679845
97680871
97680918
97681647
97681719
97683301
97683599
97684129
97684286
97684290
97684351
97684410
97684542
97684547
97684905
97685521
97686173
97686383
97687178
97687337
97687765
97687865
97688171
97688287
97688764
97689292
97689441
97689618
97689931
97690609
97691266
97691294
97691341
97692245
97692912
97693102
97693666
97695498
97695943
97696033
97696448
97696563
97696833
97696858
97696930
97698817
97698930
97701235
97702127
97702218
97702448
97702797
97702965
97703728
97703869
97704082
97704450
97706580
97706677
97706680
97707112
97707233
97707292
97707395
97707449
97707539
97707582
97707703
97708950
97709028
97709079
97709780
97710131
97710978
97710991
97711417
97711457
97711942
97712363
97712491
97712844
97713709
97714149
97714301
97714780
97715028
97715073
97715374
97715708
97715830
97715877
97716026
97716723
97716937
97717718
97718239
97718535
97718658
97718812
97719911
97720169
97720536
97721393
97722149
97722719
97723745
97723777
97724240
97724413
97724703
97725621
97726409
97726515
97727752
97728214
97729395
97730986
97731280
97731874
97732797
97732930
97732967
97733027
97733511
97733530
97734044
97734281
97734812
97734838
97735233
97735352
97735499
97735651
97735756
97735900
97737096
97737158
97738474
97738779
97738960
97739090
97739098
97739957
97740499
97740858
97741050
97741629
97741754
97742043
97742854
97743841
97743842
97744014
97744034
97744141
97744572
97745085
97745470
97745528
97745630
97745725
97745809
97745911
97746059
97746144
97746918
97747198
97747746
97747830
97748358
97748405
97748797
97748884
97749030
97749371
97749497
97749694
97749755
97750168
97750251
97750721
97750884
97751408
97751416
97751443
97751830
97751958
97751966
97752377
97752790
97752875
97754313
97754326
97754549
97755303
97756643
97756718
97756776
97756911
97757512
97757626
97757741
97758256
97758298
97758377
97758396
97758506
97758962
97760018
97760127
97760757
97760785
97761373
97761530
97762988
97763193
97763247
97763392
97763848
97764303
97764420
97764934
97765417
97765626
97766574
97766576
97767182
97767597
97768299
97768367
97768423
97768832
97768916
97768973
97768993
97769198
97769712
97769872
97770028
97771017
97771067
97771890
97772032
97772073
97772171
97772603
97772676
97772992
97773029
97773108
97773334
97773700
97773732
97773737
97773880
97774483
97774709
97774863
97774993
97775564
97775567
97775809
97776633
97776884
97777181
97777809
97777874
97778111
97778367
97778487
97778972
97779378
97779878
97780178
97780633
97781019
97781318
97782497
97782583
97783302
97783831
97784142
97784441
97784980
97785679
97785872
97786208
97787158
97788725
97790659
97790736
97790954
97791186
97791357
97791545
97791804
97791944
97791947
97792323
97792369
97793631
97794664
97794752
97795081
97795533
97795964
97796173
97797525
97798714
97798964
97799091
97799192
97799404
97799773
97950669
97950770
97951109
97951272
97951515
97952197
97952876
97953172
97953550
97954344
97955185
97955306
97955558
97955798
97956291
97956295
97957299
97957501
97957524
97957568
97957672
97957999
97958114
97958919
97959351
97960277
97960534
97960540
97960753
97961049
97961116
97961178
97962062
97964498
97964620
97964760
97967271
97968299
97969693
97970168
97970169
97970493
97970896
97971187
97972195
97972263
97974338
97976001
97976206
97976878
97977209
97977447
97977656
97978062
97978141
97978819
97979012
97979577
97979843
97980393
97980677
97981351
97981652
97982850
97982900
97983096
97983254
97984785
97985188
97985653
97987038
97988053
97988891
97989341
97989486
97989986
98000368
98000614
98000645
98001056
98002497
98002911
98003415
98004538
98007602
98008733
98009814
98011010
98011334
98012080
98012433
98012456
98013588
98015289
98016520
98016527
98016551
98017646
98017700
98017965
98018017
98018119
98018161
98018726
98018839
98018970
98019883
98020135
98020371
98021610
98021969
98022724
98024102
98025934
98026163
98026276
98026593
98027207
98027628
98027830
98027907
98029605
98030006
98031105
98031774
98031838
98032115
98032202
98032425
98032495
98033490
98033742
98034134
98034408
98034462
98034595
98034939
98035075
98035284
98035353
98036226
98037495
98037551
98037894
98038520
98038673
98039008
98039176
98040017
98040221
98040361
98041351
98041464
98041860
98042482
98043127
98043646
98043881
98044288
98044824
98045622
98045703
98046015
98046230
98047130
98048789
98049124
98049194
98049924
98050172
98050305
98050506
98051213
98051381
98052169
98052296
98052471
98052577
98052579
98052901
98053629
98053794
98054057
98054184
98054373
98054854
98055109
98055492
98055899
98055915
98056387
98056391
98056715
98056717
98057925
98058017
98058795
98059312
98060208
98060618
98061102
98061474
98061549
98061680
98061703
98061987
98062132
98062165
98062171
98063282
98063503
98063602
98064313
98064636
98064748
98064833
98065132
98065303
98065505
98066011
98066225
98066314
98066677
98066717
98066793
98066854
98067671
98067689
98067692
98067973
98068161
98068848
98069386
98069567
98069687
98070695
98071359
98071443
98071708
98072307
98072624
98072890
98073171
98073235
98073260
98073682
98073878
98074026
98074948
98075025
98075461
98075510
98076218
98076321
98076377
98076508
98078004
98078078
98078690
98079051
98079063
98079127
98080422
98080832
98081261
98081526
98083513
98083521
98083824
98083883
98084455
98086507
98088454
98088490
98088765
98088824
98089003
98089106
98089603
98089930
98090513
98090824
98091529
98091621
98092771
98092998
98093363
98093365
98094011
98094116
98094619
98096758
98097312
98097810
98098432
98098686
98099099
98099355
98099391
98099461
98099668
98203123
98205324
98207903
98208213
98210255
98216486
98216847
98232556
98241906
98241913
98241950
98242188
98255552
98266282
98280421
98285495
98287776
98291185
98400724
98401301
98402011
98403379
98403903
98405019
98405020
98405123
98405961
98406052
98406311
98407298
98407624
98407811
98407933
98408339
98409786
98410374
98413621
98413691
98413979
98414440
98414470
98415154
98415236
98415859
98415999
98416764
98416972
98417645
98417691
98417877
98418573
98419933
98419988
98420086
98420208
98420290
98420611
98421155
98422189
98422377
98422794
98423000
98424275
98424987
98425457
98425602
98425821
98426328
98426948
98427121
98427264
98427282
98428815
98429708
98429970
98430221
98430443
98430863
98431030
98431604
98432045
98433749
98434291
98434619
98435516
98435566
98435601
98435948
98436462
98436719
98436902
98437301
98437373
98438087
98438853
98439023
98440630
98440839
98440972
98441157
98441393
98441723
98442644
98442651
98442916
98443381
98443385
98443596
98443964
98444373
98445247
98445289
98445364
98445741
98446286
98446797
98447229
98448491
98448940
98448994
98449121
98449195
98449793
98449956
98450299
98450768
98450891
98451290
98451753
98452017
98452089
98452107
98452331
98452616
98452861
98452959
98453148
98453173
98453383
98453498
98453568
98453733
98454189
98454273
98455311
98455736
98455808
98456188
98457249
98457920
98458107
98458123
98458336
98459491
98460032
98461034
98461516
98461639
98462320
98462398
98463003
98463039
98463512
98463525
98463614
98463688
98463840
98464169
98464404
98464811
98465304
98465570
98465947
98466100
98466634
98466668
98466833
98466962
98467480
98467519
98467563
98467830
98468519
98469040
98469364
98469678
98469994
98471316
98471889
98472202
98472588
98472669
98472869
98473735
98473779
98473890
98474298
98474757
98474936
98475048
98475135
98476359
98476805
98476925
98476952
98476999
98477260
98477304
98477831
98478242
98478800
98480176
98480537
98480741
98481437
98483501
98485492
98485784
98485837
98486197
98486352
98486368
98487277
98487572
98487881
98489146
98489847
98490035
98491112
98491544
98492048
98492984
98493218
98493422
98494315
98494760
98494838
98495102
98495336
98495832
98496060
98497478
98498418
98498528
98498905
98498913
98498977
98499105
98499205
98499330
98499842
98600410
98600653
98600789
98600885
98601159
98601220
98601276
98601777
98602609
98602622
98602707
98602750
98603318
98604019
98604504
98604678
98604825
98605112
98605499
98606524
98607289
98608000
98608235
98608660
98608781
98609401
98609846
98610368
98611168
98611193
98611200
98611390
98612184
98612416
98612691
98613221
98613673
98613829
98615067
98615274
98615281
98615635
98616576
98617666
98617686
98618573
98619190
98619532
98619554
98619805
98619812
98619858
98620246
98620401
98621378
98621904
98622270
98622385
98622758
98623510
98623568
98623631
98623716
98624077
98624259
98624403
98624549
98624926
98625015
98625455
98625610
98625811
98626685
98627838
98628311
98628645
98629090
98629216
98629405
98629966
98630168
98630176
98630282
98630458
98630558
98630897
98631244
98631278
98632750
98632961
98633013
98633962
98634000
98634043
98634237
98634610
98635014
98635250
98635393
98635987
98636208
98636372
98636631
98637303
98637414
98637482
98637558
98638648
98639141
98639262
98639399
98639577
98639811
98639922
98639940
98639953
98640090
98640174
98640410
98640730
98641260
98641535
98641541
98641848
98641955
98642030
98642144
98642191
98642350
98642616
98642633
98643623
98643751
98644076
98644458
98644505
98644636
98645064
98645124
98645379
98645707
98646042
98646489
98647410
98647630
98647641
98647980
98649126
98649496
98651471
98652094
98652268
98652352
98652363
98652894
98652902
98653465
98654554
98654723
98654825
98655007
98656222
98656943
98656988
98657318
98657439
98657784
98658200
98658485
98659076
98659688
98659833
98660055
98660499
98660841
98662294
98663632
98663791
98664588
98664606
98665083
98665323
98666560
98666898
98667143
98667467
98668047
98668126
98668577
98670080
98670137
98670155
98670394
98670600
98671623
98672918
98673008
98673399
98673673
98673862
98673978
98674349
98674458
98675037
98675407
98676230
98676431
98676776
98676884
98678141
98679056
98679586
98679699
98680001
98680678
98681075
98681818
98681829
98681967
98682082
98682165
98682805
98684656
98684663
98684736
98684929
98685415
98685779
98685872
98686395
98686668
98687350
98687484
98687672
98689203
98689310
98691303
98691561
98691823
98692228
98692414
98692755
98693736
98694292
98694398
98695210
98695567
98695953
98696142
98696800
98697101
98697188
98697208
98697404
98697494
98697618
98698668
98699380
98800022
98800112
98800596
98800598
98800746
98801642
98801793
98801825
98802103
98802295
98803259
98803318
98803337
98803433
98803727
98803906
98803972
98804151
98804704
98804969
98805359
98805674
98805797
98805835
98806624
98806891
98808239
98808462
98808767
98808847
98810092
98810240
98810351
98810672
98810719
98810870
98811261
98812603
98812718
98812772
98813218
98813266
98813299
98813408
98813845
98814753
98814999
98815141
98815821
98816019
98816468
98818359
98818596
98818855
98818889
98818955
98818964
98819187
98819240
98819423
98819779
98819878
98819920
98820335
98820527
98820545
98820747
98821041
98821047
98821087
98821283
98821601
98821620
98821758
98821892
98821921
98822471
98822488
98822728
98823076
98823765
98823819
98824118
98824145
98824831
98824942
98825104
98825228
98825270
98825725
98826579
98826794
98827451
98827652
98828050
98828351
98828855
98829080
98829215
98829752
98830110
98831210
98831294
98831519
98831915
98832331
98832700
98832768
98833448
98833705
98833740
98833945
98834283
98834663
98835421
98835743
98835762
98836141
98837211
98837479
98837800
98838691
98838701
98838908
98839377
98839382
98839492
98839618
98841010
98841275
98841664
98842100
98843223
98843823
98844696
98844703
98845262
98845303
98845398
98845498
98845533
98845812
98846262
98846461
98846552
98846657
98846797
98847496
98847874
98848038
98848230
98849559
98849633
98850465
98850845
98851917
98852177
98852497
98852657
98852696
98852726
98852914
98852960
98853153
98853180
98853881
98854387
98854470
98854787
98855028
98855140
98855325
98856477
98857452
98857851
98858224
98858290
98858340
98858359
98858630
98858806
98859845
98859857
98860426
98860610
98860717
98861125
98861165
98861469
98861621
98861857
98862146
98862388
98863703
98864031
98864121
98864438
98864534
98864813
98865396
98865412
98865527
98866489
98866752
98867232
98867523
98868290
98870265
98870576
98870948
98871063
98871334
98871697
98872285
98872393
98872693
98872778
98873177
98873509
98874370
98874471
98874883
98875159
98875183
98875319
98875628
98875706
98875735
98876462
98876521
98877027
98877249
98877459
98877722
98877782
98877925
98877946
98878182
98878553
98878782
98879263
98879441
98879774
98880276
98880317
98880380
98881567
98881882
98882275
98882516
98882661
98882779
98882852
98883202
98883711
98883898
98884054
98885401
98885528
98885881
98886769
98886856
98887142
98887199
98887738
98887985
98888291
98888664
98888954
98889757
98889943
98890142
98890250
98890965
98891727
98891828
98892285
98892698
98894299
98894335
98894433
98894517
98894895
98899003
98899382
99000055
99000060
99000098
99000477
99000554
99000650
99000680
99000700
99000707
99000726
99000735
99000738
99000743
99000793
99000839
99000873
99000874
99000948
99000963
99000965
99000990
99001012
99001055
99001098
99001146
99001182
99001212
99001261
99001284
99001291
99001300
99001490
99001499
99001506
99001545
99001569
99001679
99001707
99001713
99001714
99001747
99001773
99001819
99001829
99001854
99001860
99001875
99001897
99002200
99002235
99002272
99002301
99002314
99002362
99002419
99002427
99002436
99002485
99002525
99002570
99002612
99002706
99002834
99002887
99002986
99003000
99003037
99003163
99003164
99003183
99003241
99003299
99003322
99003327
99003332
99003354
99003376
99003392
99003400
99003437
99003454
99003481
99003535
99003556
99003567
99003623
99003651
99003674
99003689
99003770
99003877
99003994
99004021
99004033
99004047
99004053
99004094
99004131
99004148
99004170
99004172
99004209
99004230
99004236
99004244
99004248
99004269
99004274
99004276
99004308
99004352
99004444
99004475
99004568
99004580
99004643
99004715
99004745
99004755
99004757
99004867
99004916
99004940
99004964
99004966
99005102
99005140
99005231
99005266
99005299
99005374
99005404
99005406
99005413
99005415
99005558
99005626
99005645
99005648
99005772
99005782
99005903
99005928
99005957
99005987
99005989
99006041
99006066
99006072
99006098
99006110
99006130
99006134
99006180
99006224
99006244
99006358
99006539
99006632
99006712
99006863
99006923
99007028
99007041
99007049
99007054
99007145
99007151
99007256
99007283
99007329
99007354
99007373
99007386
99007415
99007442
99007443
99007451
99007468
99007514
99007515
99007562
99007595
99007618
99007628
99007725
99007761
99007813
99007956
99007965
99007995
99007997
99008003
99008021
99008101
99008102
99008120
99008150
99008246
99008278
99008320
99008368
99008379
99008463
99008487
99008574
99008597
99008599
99008612
99008638
99008715
99008728
99008780
99008789
99008798
99008812
99008818
99008868
99008935
99008985
99008987
99009000
99009014
99009024
99009100
99009158
99009168
99009213
99009251
99009322
99009337
99009339
99009411
99009550
99009565
99009717
99009747
99009762
99009786
99009800
99009815
99009912
99009966
99010032
99010125
99010131
99010150
99010164
99010375
99010546
99010619
99010637
99010687
99010689
99010736
99010791
99010815
99010970
99010978
99010979
99010993
99011011
99011087
99011185
99011195
99011242
99011290
99011318
99011322
99011423
99011434
99011451
99011468
99011479
99011505
99011541
99011552
99011601
99011625
99011687
99011763
99011833
99011835
99011838
99011844
99011896
99011978
99011990
99011992
99012026
99012079
99012246
99012252
99012301
99012310
99012379
99012395
99012425
99012654
99012679
99012694
99012698
99012769
99012851
99012917
99012928
99012934
99012981
99012994
99013030
99013084
99013154
99013236
99013346
99013361
99013371
99013381
99013421
99013448
99013502
99013512
99013540
99013542
99013551
99013565
99013587
99013642
99013647
99013656
99013682
99013752
99013807
99013852
99013879
99013926
99013983
99014070
99014086
99014099
99014136
99014177
99014251
99014264
99014265
99014341
99014448
99014461
99014467
99014521
99014552
99014577
99014645
99014653
99014692
99014731
99014746
99014782
99014846
99014862
99014926
99014934
99014942
99015008
99015050
99015093
99015146
99015152
99015172
99015188
99015208
99015268
99015290
99015312
99015320
99015321
99015354
99015356
99015419
99015434
99015463
99015474
99015482
99015523
99015545
99015560
99015608
99015650
99015662
99015684
99015740
99015945
99016056
99016068
99016108
99016127
99016152
99016198
99016201
99016210
99016215
99016220
99016267
99016268
99016309
99016343
99016371
99016405
99016509
99016602
99016642
99016653
99016744
99016746
99016759
99016803
99016816
99016833
99016889
99016934
99016962
99016966
99016985
99017002
99017020
99017097
99017104
99017105
99017114
99017116
99017124
99017178
99017240
99017323
99017339
99017346
99017391
99017393
99017471
99017482
99017513
99017532
99017540
99017565
99017587
99017602
99017607
99017624
99017645
99017691
99017695
99017696
99017711
99017724
99017759
99017767
99017830
99017867
99017914
99017928
99017985
99018026
99018108
99018119
99018139
99018151
99018152
99018153
99018214
99018283
99018314
99018387
99018396
99018462
99018572
99018703
99018712
99018788
99018876
99018888
99018909
99018941
99018943
99018987
99018998
99019101
99019131
99019175
99019238
99019336
99019343
99019370
99019385
99019395
99019424
99019432
99019495
99019505
99019524
99019560
99019570
99019632
99019969
99019976
99019980
99020071
99020073
99020091
99020230
99020246
99020288
99020353
99020367
99020372
99020389
99020411
99020420
99020432
99020438
99020445
99020453
99020485
99020530
99020577
99020583
99020597
99020654
99020676
99020712
99020713
99020749
99020761
99020791
99020864
99020880
99020951
99021015
99021065
99021095
99021108
99021136
99021186
99021187
99021227
99021231
99021279
99021326
99021361
99021371
99021400
99021406
99021415
99021418
99021425
99021489
99021566
99021575
99021657
99021665
99021711
99021729
99021794
99021856
99021875
99021882
99021929
99021964
99022005
99022010
99022059
99022071
99022121
99022172
99022266
99022315
99022372
99022387
99022469
99022501
99022606
99022630
99022636
99022772
99022902
99023048
99023097
99023126
99023134
99023192
99023343
99023403
99023481
99023496
99023571
99023607
99023662
99023670
99023738
99023739
99023755
99023878
99023946
99023982
99024051
99024066
99024067
99024083
99024108
99024120
99024131
99024148
99024153
99024216
99024218
99024236
99024307
99024379
99024389
99024417
99024426
99024440
99024455
99024479
99024573
99024595
99024754
99024777
99024788
99024819
99024831
99024834
99024855
99024904
99024908
99024912
99024914
99024918
99024919
99024922
99024958
99025075
99025081
99025150
99025176
99025292
99025344
99025371
99025451
99025496
99025589
99025653
99025654
99025658
99025661
99025684
99025719
99025799
99025815
99025880
99025917
99026027
99026063
99026125
99026130
99026147
99026175
99026205
99026227
99026271
99026297
99026329
99026333
99026409
99026449
99026462
99026499
99026586
99026673
99026687
99026693
99026807
99026830
99026859
99026879
99026881
99026900
99026911
99026926
99026927
99026932
99026936
99026951
99026952
99026964
99026975
99026994
99027180
99027183
99027187
99027191
99027209
99027247
99027402
99027459
99027497
99027503
99027521
99027537
99027538
99027553
99027556
99027589
99027672
99027688
99027713
99027754
99027777
99027797
99027822
99027851
99027882
99027929
99027943
99027952
99027953
99027994
99028279
99028409
99028429
99028480
99028491
99028533
99028550
99028559
99028719
99028750
99028833
99028835
99028907
99028910
99028926
99028952
99028964
99028972
99028976
99029085
99029086
99029215
99029260
99029400
99029455
99029466
99029578
99029581
99029740
99029777
99029835
99029846
99029868
99029880
99029902
99029925
99029947
99030028
99030053
99030061
99030192
99030210
99030227
99030228
99030229
99030260
99030272
99030275
99030290
99030292
99030303
99030331
99030334
99030382
99030385
99030394
99030405
99030406
99030462
99030469
99030478
99030484
99030501
99030514
99030532
99030548
99030561
99030562
99030568
99030628
99030764
99030780
99030800
99030802
99030825
99030855
99030870
99030877
99030889
99030946
99030950
99030967
99031028
99031050
99031051
99031133
99031165
99031187
99031202
99031214
99031233
99031245
99031358
99031379
99031416
99031479
99031535
99031537
99031542
99031576
99031578
99031588
99031589
99031734
99031737
99031744
99031749
99031801
99031866
99031987
99031995
99032014
99032017
99032065
99032204
99032240
99032256
99032261
99032343
99032433
99032456
99032475
99032493
99032586
99032616
99032797
99032855
99032919
99032977
99033044
99033105
99033116
99033155
99033164
99033169
99033180
99033194
99033205
99033232
99033239
99033274
99033306
99033347
99033361
99033386
99033388
99033417
99033456
99033525
99033532
99033607
99033655
99033668
99033676
99033679
99033694
99033695
99033722
99033727
99033746
99033749
99033792
99033806
99033813
99033816
99033869
99033930
99033944
99033982
99034054
99034063
99034100
99034177
99034263
99034274
99034328
99034412
99034466
99034571
99034585
99034587
99034615
99034657
99034715
99034746
99034816
99034832
99034889
99034892
99034914
99034962
99035000
99035007
99035008
99035019
99035020
99035021
99035033
99035068
99035125
99035143
99035145
99035213
99035225
99035246
99035273
99035280
99035307
99035309
99035311
99035316
99035317
99035364
99035392
99035411
99035534
99035546
99035561
99035577
99035662
99035687
99035701
99035705
99035716
99035738
99035835
99035837
99035838
99035913
99035948
99035953
99035988
99036011
99036044
99036103
99036239
99036265
99036275
99036296
99036299
99036304
99036347
99036407
99036416
99036418
99036427
99036429
99036436
99036438
99036442
99036446
99036465
99036483
99036524
99036563
99036653
99036700
99036703
99036706
99036736
99036758
99036913
99036942
99036947
99037009
99037033
99037130
99037140
99037155
99037180
99037206
99037209
99037254
99037263
99037278
99037328
99037354
99037400
99037406
99037471
99037491
99037513
99037531
99037536
99037571
99037580
99037757
99037764
99037800
99037848
99037904
99037916
99037973
99037977
99037978
99037989
99038055
99038056
99038202
99038205
99038243
99038278
99038285
99038309
99038352
99038431
99038442
99038457
99038462
99038479
99038508
99038535
99038539
99038545
99038565
99038566
99038587
99038606
99038618
99038695
99038720
99038796
99038813
99038828
99038907
99038921
99038946
99038953
99038971
99038982
99039283
99039347
99039355
99039364
99039422
99039436
99039472
99039595
99039648
99039664
99039747
99039750
99039780
99039799
99039836
99039837
99039895
99039951
99039987
99040006
99040032
99040088
99040108
99040165
99040276
99040358
99040359
99040370
99040420
99040439
99040440
99040457
99040498
99040507
99040569
99040626
99040644
99040647
99040697
99040725
99040742
99040755
99040763
99040798
99040821
99040878
99040886
99040924
99040964
99041028
99041065
99041075
99041077
99041128
99041152
99041196
99041281
99041287
99041307
99041374
99041395
99041441
99041472
99041474
99041496
99041620
99041625
99041645
99041653
99041655
99041754
99041770
99041816
99041827
99041842
99041851
99041860
99041866
99041868
99041875
99041901
99041905
99041906
99041995
99042018
99042047
99042072
99042153
99042164
99042188
99042231
99042243
99042251
99042347
99042362
99042400
99042448
99042480
99042518
99042675
99042685
99042695
99042700
99042711
99042713
99042770
99042819
99042832
99042846
99042882
99042883
99042925
99042952
99043012
99043021
99043024
99043038
99043127
99043187
99043228
99043285
99043289
99043417
99043457
99043543
99043652
99043753
99043760
99043771
99043848
99043853
99043856
99043859
99043869
99043907
99043909
99044012
99044039
99044044
99044152
99044179
99044233
99044248
99044250
99044325
99044337
99044386
99044401
99044462
99044487
99044506
99044574
99044595
99044603
99044733
99044799
99044822
99044860
99044874
99044922
99044978
99045053
99045071
99045084
99045110
99045125
99045128
99045150
99045185
99045192
99045200
99045201
99045230
99045244
99045263
99045265
99045278
99045310
99045325
99045343
99045361
99045366
99045367
99045388
99045391
99045425
99045455
99045470
99045473
99045489
99045535
99045537
99045564
99045583
99045605
99045608
99045750
99045777
99045843
99045928
99046020
99046030
99046038
99046088
99046140
99046174
99046205
99046212
99046217
99046233
99046242
99046250
99046275
99046283
99046288
99046304
99046314
99046327
99046331
99046343
99046376
99046532
99046557
99046578
99046581
99046666
99046680
99046726
99046734
99046745
99046765
99046808
99046898
99046924
99046947
99046976
99046993
99047066
99047088
99047164
99047186
99047220
99047239
99047243
99047292
99047337
99047380
99047427
99047443
99047464
99047519
99047563
99047662
99047850
99047869
99047904
99047960
99048030
99048041
99048052
99048098
99048122
99048127
99048199
99048369
99048402
99048411
99048483
99048657
99048661
99048665
99048707
99048734
99048735
99048761
99048825
99048858
99048868
99048870
99048883
99048965
99048985
99048999
99049004
99049009
99049031
99049034
99049039
99049077
99049081
99049104
99049116
99049126
99049130
99049156
99049164
99049208
99049236
99049237
99049239
99049274
99049299
99049324
99049330
99049349
99049378
99049477
99049663
99049680
99049685
99049704
99049754
99049789
99049803
99099398
99100265
99100497
99100839
99100997
99101145
99101213
99101494
99101672
99102253
99102776
99103055
99103500
99104339
99104353
99104697
99105098
99105315
99106249
99106750
99106944
99106971
99107579
99107824
99107830
99108136
99108154
99108418
99108782
99108849
99109016
99109248
99109391
99109644
99109889
99150728
99150776
99151989
99152063
99152152
99152191
99152614
99153575
99153597
99153989
99154326
99154467
99154687
99154856
99155152
99155406
99156031
99157937
99158233
99158432
99159567
99160143
99160232
99160312
99160334
99160401
99160603
99161177
99161234
99162557
99163122
99163162
99163290
99163353
99163421
99163614
99163648
99163871
99165118
99165382
99165625
99166009
99167642
99168221
99168264
99168598
99168632
99168744
99223380
99223650
99224130
99224259
99224554
99224602
99225044
99225147
99225515
99225582
99225833
99225936
99226565
99226764
99227217
99227349
99227754
99228488
99228679
99228917
99228995
99229140
99229925
99230002
99230070
99230983
99231412
99231833
99232236
99232852
99233456
99233648
99233754
99233763
99234018
99234854
99234987
99235119
99235277
99236102
99236717
99237422
99237574
99237723
99237742
99237823
99238824
99239153
99239356
99239672
99239778
99240884
99241579
99241732
99241962
99242160
99242627
99242720
99243862
99244202
99244266
99245047
99245224
99245276
99245892
99247045
99248034
99248052
99248402
99248990
99249295
99249410
99249514
99249675
99249696
99249873
99250176
99250185
99250725
99250971
99251011
99251294
99251562
99251783
99251917
99251991
99252120
99252288
99252767
99252781
99252930
99253238
99253550
99254172
99254706
99255104
99255340
99256061
99256332
99256369
99256621
99257333
99257567
99257763
99257854
99257988
99259250
99259434
99259837
99260212
99260976
99261443
99261935
99262104
99262629
99262753
99263055
99263570
99264314
99264348
99265127
99265484
99265486
99265614
99265675
99265765
99266330
99267589
99267722
99267981
99268365
99268393
99268675
99268840
99268985
99269586
99269916
99269981
99270370
99270570
99270593
99270814
99270924
99272369
99272436
99272845
99272863
99273202
99273271
99273375
99273701
99274051
99274338
99274498
99274569
99274647
99274689
99275115
99275120
99275353
99275515
99275654
99276263
99276378
99276896
99277553
99278415
99278835
99279108
99289499
99290981
99291858
99292505
99293064
99293065
99294393
99294541
99294581
99295080
99295156
99295459
99295747
99295820
99296027
99296754
99296935
99297132
99297301
99297510
99298089
99298273
99298605
99299193
99299677
99299793
99300106
99300156
99300212
99304525
99304807
99305150
99306906
99307220
99308054
99308222
99308551
99308825
99308848
99309814
99313104
99313411
99313434
99314118
99314734
99315649
99316421
99317231
99317977
99318871
99319856
99319952
99320297
99320848
99321172
99322253
99322496
99322659
99323091
99323389
99323464
99323824
99323842
99323851
99324224
99324755
99324845
99324857
99325051
99326481
99326830
99326895
99327143
99327163
99327433
99327500
99327523
99327653
99328741
99329393
99329398
99330591
99331630
99332174
99332824
99333942
99334239
99334361
99334779
99334906
99336699
99336728
99337120
99337697
99338983
99339058
99339101
99339986
99340250
99340473
99340626
99340958
99345641
99350014
99350721
99351876
99352153
99353427
99353858
99354239
99354279
99355617
99356208
99356473
99356971
99358135
99358411
99358859
99358993
99359410
99359653
99360231
99360464
99360909
99361932
99362212
99362678
99362939
99364338
99364716
99365719
99365786
99365850
99366404
99367348
99367600
99367694
99368006
99368865
99370096
99370128
99371805
99373545
99378360
99380085
99380313
99381064
99382144
99382194
99382858
99383491
99384087
99384591
99385628
99386028
99386737
99387825
99387849
99387910
99388692
99389225
99389474
99389992
99390077
99390170
99390202
99390928
99391403
99392071
99392094
99392813
99393158
99393187
99393200
99393669
99393681
99394584
99395108
99395417
99395917
99395944
99395958
99396266
99396632
99396847
99396923
99397674
99398586
99400024
99400121
99400492
99400992
99401988
99402091
99402773
99404194
99405285
99407190
99407494
99408075
99408475
99410216
99411749
99411930
99412141
99412266
99412480
99415056
99415870
99416465
99420030
99420330
99421466
99421605
99422829
99423674
99425669
99426918
99427514
99428223
99428363
99428639
99431146
99431312
99436617
99439967
99440249
99440697
99440825
99441681
99442020
99443216
99444068
99444905
99445495
99446127
99447457
99448701
99448721
99451122
99451905
99452754
99453155
99453488
99453827
99453886
99454211
99455209
99456644
99457316
99457898
99458037
99458634
99458762
99458767
99459149
99459621
99459920
99460101
99461073
99461210
99461798
99462132
99462147
99462205
99462362
99462513
99462624
99462764
99463506
99463782
99463803
99464049
99464284
99464404
99464414
99464845
99465110
99465149
99465192
99465357
99466622
99466640
99469010
99469210
99469691
99469826
99470124
99470369
99471408
99472257
99474253
99476563
99476843
99477207
99478213
99478243
99479493
99479790
99480851
99482171
99483001
99484605
99485192
99486650
99488909
99492154
99494877
99500090
99500249
99500355
99500462
99500483
99500641
99500668
99500745
99500791
99501057
99501402
99501617
99501725
99501952
99502116
99502507
99502562
99502635
99503193
99503783
99503862
99504347
99504503
99504781
99504873
99505127
99508243
99509195
99510139
99510351
99510485
99510790
99511575
99511637
99511995
99512721
99513403
99513953
99514129
99514617
99515748
99517098
99517145
99517147
99517595
99518089
99519024
99519718
99520036
99520130
99520160
99520365
99520622
99521481
99522234
99523024
99524487
99524771
99524911
99525696
99525994
99526439
99527084
99528143
99528506
99528605
99530554
99530562
99531325
99531479
99531660
99532725
99532924
99533369
99533416
99533573
99533575
99534128
99535163
99535706
99535771
99537157
99537725
99538089
99539479
99540851
99540869
99541161
99541788
99541846
99542203
99543057
99544209
99544748
99545274
99545630
99545886
99545920
99546192
99546249
99546766
99547784
99547808
99547992
99548104
99550495
99550667
99551372
99551575
99552041
99552609
99553193
99553339
99553689
99553775
99554388
99554446
99555521
99556048
99556098
99556999
99557151
99557781
99558484
99558593
99558755
99559175
99559275
99559442
99559550
99559977
99560246
99560529
99560882
99561434
99561562
99562391
99563898
99563998
99564377
99564445
99567639
99568810
99568923
99569034
99569126
99569495
99569547
99569779
99570275
99571045
99571118
99571316
99571539
99572091
99572773
99572797
99572968
99573273
99574020
99574054
99574585
99575344
99575514
99575835
99576001
99577440
99577917
99578034
99578084
99578154
99578212
99578776
99578820
99578883
99579047
99579057
99579340
99579844
99580261
99580465
99580695
99580978
99581357
99581686
99581945
99582427
99582656
99582876
99583021
99583363
99583367
99584091
99584098
99584755
99584949
99585296
99586078
99586429
99586826
99587258
99587519
99587585
99587939
99588046
99588517
99588536
99589382
99590179
99590201
99590512
99590531
99590737
99591674
99591702
99591704
99591737
99592596
99592639
99593131
99593616
99593945
99595059
99595669
99595865
99595984
99596237
99596391
99596534
99596788
99596956
99597366
99597423
99597617
99598114
99598496
99598647
99598689
99598860
99599453
99599580
99599889
99601042
99601105
99601194
99601589
99601805
99601847
99601852
99601867
99602040
99602070
99602601
99602608
99602739
99602757
99602813
99602945
99603008
99603048
99603288
99603443
99603459
99603582
99603637
99603800
99603883
99604010
99604389
99604408
99604447
99604454
99604735
99604806
99605078
99605129
99605777
99606555
99606664
99606665
99607511
99607737
99607758
99608025
99608033
99608080
99608181
99608643
99608733
99608736
99609108
99609136
99609233
99609301
99609315
99609317
99609322
99609385
99609403
99609583
99609723
99609733
99609786
99609822
99609943
99609960
99609980
99609989
99610077
99610194
99610197
99610214
99610264
99610455
99610553
99610563
99610968
99611260
99611482
99612058
99612156
99612299
99612349
99612640
99612832
99612838
99612899
99612912
99612990
99613910
99613933
99613940
99613972
99614481
99614483
99614507
99614520
99614567
99614598
99614698
99614750
99614773
99614883
99614958
99615000
99615023
99615028
99615035
99615047
99615092
99615130
99615165
99615737
99615841
99616231
99616296
99616320
99616397
99616521
99616537
99616574
99616631
99616650
99616670
99616713
99616746
99616772
99616774
99616780
99616857
99617022
99617029
99617221
99617222
99617224
99617384
99617535
99617629
99617797
99617960
99617962
99617972
99618000
99618012
99618248
99618280
99618459
99618614
99618646
99618673
99618704
99618810
99618837
99618863
99619124
99619135
99619207
99619362
99619400
99619472
99619480
99619540
99619578
99619654
99619675
99619683
99619743
99619799
99619843
99619886
99620020
99620069
99620203
99620372
99620407
99620665
99620743
99620809
99620823
99620824
99620833
99620869
99621080
99621104
99621192
99621195
99621304
99621366
99621376
99621569
99621709
99621758
99621869
99621894
99621895
99621969
99621993
99622042
99622247
99622266
99622300
99622364
99622389
99622485
99622501
99622556
99622795
99622848
99622935
99623008
99623019
99623161
99623186
99623464
99623558
99623581
99623645
99623749
99623814
99623815
99623902
99623926
99624165
99624183
99624192
99624200
99624227
99624248
99624534
99624552
99624616
99624661
99624681
99624686
99624773
99624933
99624962
99624981
99624989
99625000
99625196
99625369
99625371
99625383
99625422
99625450
99625529
99625608
99625613
99625760
99625794
99625820
99625821
99626000
99626030
99626040
99626062
99626080
99626462
99626549
99626856
99627030
99627090
99627133
99627205
99627209
99627213
99627234
99627373
99627426
99627478
99627569
99627925
99627994
99628044
99628067
99628095
99628200
99628467
99628588
99628632
99628668
99628890
99628992
99629030
99629033
99629060
99629115
99629193
99629251
99629328
99629340
99629380
99629409
99629416
99629571
99629639
99629700
99629751
99629761
99629782
99629901
99630031
99630057
99630104
99630177
99630178
99630199
99630245
99630360
99630658
99630710
99630899
99631201
99631245
99631257
99631259
99631435
99631439
99631519
99631781
99631956
99632017
99632041
99632101
99632178
99632233
99632299
99632870
99633089
99633164
99633212
99633344
99633545
99633564
99633905
99633926
99634053
99634139
99634160
99634210
99634266
99634294
99634571
99634684
99634712
99634713
99634739
99634749
99634762
99634776
99635260
99635353
99635478
99635507
99635536
99635581
99636173
99636284
99636347
99636364
99636404
99636723
99636736
99636919
99637000
99637031
99637239
99637321
99637362
99637373
99637393
99637398
99637547
99637583
99637619
99637966
99638029
99638055
99638084
99638333
99638529
99638685
99638789
99638879
99638901
99638923
99638943
99639121
99639122
99639293
99639367
99639413
99639435
99639537
99639553
99639582
99639591
99639648
99639656
99639709
99639770
99639841
99639878
99639945
99639967
99639973
99640032
99640060
99640070
99640072
99640073
99640088
99640338
99640397
99640441
99640445
99640472
99640605
99640776
99640833
99640855
99641095
99641112
99641113
99641185
99641249
99641346
99641356
99641377
99641380
99641451
99641483
99641608
99641841
99641856
99641884
99641911
99641965
99641990
99641997
99642052
99642053
99642058
99642150
99642245
99642249
99642258
99642686
99642759
99642760
99642982
99642998
99643042
99643051
99643078
99643197
99643313
99643322
99643326
99643332
99643395
99643407
99643431
99643435
99643477
99643768
99643783
99643872
99643903
99643955
99643988
99644125
99644163
99644267
99644269
99644360
99644370
99644379
99644399
99644427
99644474
99644479
99644484
99644511
99644529
99644702
99644751
99644776
99644803
99644819
99644864
99644884
99644967
99644970
99644980
99645059
99645061
99645099
99645117
99645408
99645633
99646171
99646295
99646453
99646512
99646566
99646660
99646736
99646950
99646952
99646967
99646978
99646995
99647005
99647223
99647303
99647431
99647483
99647493
99647512
99647594
99647668
99647731
99647753
99647814
99647834
99648015
99648020
99648321
99648365
99648399
99648437
99648504
99648576
99648588
99648696
99648810
99648871
99648904
99648974
99648975
99648984
99648997
99649161
99649165
99649305
99649316
99649336
99649359
99649426
99649451
99649496
99649572
99649631
99649732
99649839
99649882
99649973
99690126
99690159
99690388
99690431
99690436
99690616
99690617
99690751
99690829
99690835
99690912
99690952
99691015
99691039
99691344
99691422
99691460
99691516
99691535
99691676
99691875
99691899
99691941
99691959
99691981
99692006
99692058
99692123
99692186
99692264
99692287
99692292
99692327
99692459
99692527
99692576
99692597
99692709
99692788
99693007
99693030
99693050
99693055
99693231
99693232
99693301
99693325
99693370
99693381
99693420
99693426
99693607
99693719
99693902
99694245
99694260
99694268
99694280
99694303
99694316
99694346
99694665
99694769
99694816
99694828
99694938
99695016
99695187
99695210
99695244
99695289
99695312
99695446
99695548
99695559
99695588
99695644
99695713
99695735
99695884
99695924
99695971
99696168
99696262
99696301
99696376
99696409
99696478
99696504
99696525
99696829
99696852
99696889
99696918
99696921
99696986
99697006
99697033
99697103
99697104
99697119
99697177
99697484
99697527
99697643
99697657
99697695
99697706
99697709
99697812
99697893
99697905
99697918
99697950
99697957
99697968
99698022
99698027
99698158
99698164
99698193
99698197
99698212
99698257
99698312
99698385
99698438
99698452
99698458
99698459
99698465
99698467
99698518
99698527
99698657
99698732
99698899
99698993
99699004
99699005
99699064
99699113
99699120
99699148
99699182
99699187
99699356
99699386
99699411
99699432
99699458
99699527
99699712
99699751
99699772
99699823
99699830
99699855
99699934
99699950
99700036
99700087
99700093
99700131
99700146
99700184
99700384
99700756
99700863
99700895
99700999
99701005
99701292
99701341
99701342
99701491
99701507
99701614
99701686
99701696
99701770
99701831
99701847
99701947
99702314
99702425
99702468
99702531
99702657
99702660
99702662
99702745
99702909
99702918
99703045
99703147
99703320
99703371
99703501
99703612
99703619
99703855
99703993
99704019
99704036
99704114
99704117
99704222
99704309
99704366
99704400
99704579
99704802
99704868
99704981
99705100
99705159
99705206
99705293
99705296
99705412
99705497
99705595
99705664
99705931
99705933
99705948
99706548
99706550
99706600
99706638
99706850
99706945
99706949
99706961
99706965
99707097
99707133
99707168
99707185
99707214
99707254
99707312
99707328
99707464
99707524
99707552
99707672
99707687
99707732
99707773
99707850
99707897
99707910
99707945
99707956
99707962
99708010
99708067
99708077
99708132
99708222
99708586
99708637
99708650
99708716
99708740
99708755
99708791
99708793
99708835
99708837
99708875
99708895
99708957
99709050
99709063
99709197
99709224
99709356
99709370
99709433
99709479
99709544
99709549
99709580
99709679
99709696
99709728
99709785
99709795
99710191
99710247
99710345
99710353
99710402
99710726
99710808
99710900
99710923
99710930
99710970
99711243
99711384
99711569
99711607
99711645
99711924
99711932
99711946
99711994
99712285
99712403
99712439
99712555
99712705
99712713
99712715
99712824
99712898
99712923
99713041
99713361
99713570
99713584
99713639
99713773
99713911
99714015
99714025
99714094
99714540
99714617
99714745
99714818
99715009
99715128
99715308
99715340
99715370
99715488
99715937
99715948
99715965
99715968
99716011
99716331
99716382
99716416
99716566
99716695
99716835
99716851
99716940
99717060
99717171
99717303
99717359
99717381
99717400
99717491
99717573
99717602
99717713
99717855
99717929
99717987
99718018
99718068
99718307
99718428
99718837
99719178
99719193
99719227
99719268
99719283
99719364
99719569
99719979
99720000
99720139
99720151
99720421
99720572
99720619
99720912
99720988
99721210
99721298
99721848
99721964
99722005
99722127
99722244
99722353
99722499
99722506
99722541
99722579
99722613
99722637
99722701
99722717
99722724
99722870
99722879
99723163
99723376
99723530
99723582
99723757
99723778
99723932
99723955
99724017
99724106
99724127
99724175
99724189
99724336
99724337
99724343
99724392
99724397
99724418
99724425
99724454
99724521
99724707
99724945
99725033
99725506
99725591
99725724
99725835
99725871
99725873
99725943
99725950
99725971
99726046
99726055
99726114
99726119
99726132
99726136
99726298
99726307
99726437
99726691
99726717
99726805
99726811
99726812
99726916
99726948
99727027
99727067
99727068
99727592
99727740
99727840
99727967
99728070
99728206
99728213
99728243
99728244
99728275
99728407
99728441
99728497
99728908
99729172
99729396
99729848
99730086
99730146
99730400
99730443
99730918
99731595
99731699
99731738
99731788
99732095
99732126
99732136
99732169
99732437
99732491
99733034
99733442
99733639
99733848
99733873
99734124
99734174
99734213
99734232
99734280
99734533
99734973
99734998
99735418
99735447
99735491
99735498
99735542
99736062
99736064
99736423
99736468
99736495
99736659
99736804
99736904
99736905
99736909
99736942
99736974
99737044
99737200
99737485
99737736
99738157
99738182
99738515
99738522
99738560
99738728
99739077
99739294
99739344
99739351
99739825
99739946
99739962
99740026
99740032
99740033
99740401
99740505
99740823
99741110
99741200
99741483
99741948
99742029
99742070
99742618
99742624
99742670
99742680
99742786
99742795
99742859
99743051
99743109
99743232
99743372
99743474
99743635
99743887
99744179
99744365
99744466
99744538
99744549
99744664
99744666
99744675
99744828
99745325
99745396
99745443
99745448
99745561
99745563
99745660
99745664
99745851
99746180
99746215
99746233
99746260
99746286
99746330
99746416
99746430
99746662
99746677
99746709
99746736
99746773
99746833
99746905
99746914
99746915
99747110
99747182
99747242
99747249
99747263
99747499
99747590
99747875
99748232
99748249
99748260
99748385
99748622
99748692
99748703
99748730
99748761
99748838
99748926
99748953
99749075
99749126
99749242
99749325
99749340
99749434
99749448
99749489
99749511
99749561
99749668
99749736
99749771
99749949
99749980
99749989
99751671
99752158
99753658
99754375
99755657
99759149
99759315
99759388
99760773
99761815
99762034
99763482
99764017
99764289
99768574
99769375
99770076
99770626
99771165
99773092
99773208
99773505
99773751
99773999
99774018
99774023
99774438
99774609
99774626
99774631
99775963
99777399
99777464
99777702
99778005
99778015
99779226
99779658
99779693
99780717
99785562
99785905
99786921
99787814
99787878
99787886
99788094
99788401
99788954
99789061
99790015
99790028
99790039
99790139
99790320
99790369
99790375
99790417
99790419
99790478
99790491
99790514
99790526
99790527
99790670
99790806
99790874
99790875
99790904
99790923
99790936
99790969
99790985
99791053
99791079
99791082
99791097
99791129
99791190
99791197
99791300
99791304
99791313
99791394
99791398
99791460
99791488
99791537
99791563
99791589
99791637
99791673
99791782
99792144
99792151
99792159
99792186
99792187
99792221
99792597
99792686
99792703
99792780
99792782
99792790
99792852
99792862
99792885
99792890
99793107
99793175
99793181
99793187
99793219
99793228
99793295
99793546
99793656
99793683
99793746
99794040
99794103
99794105
99794167
99794254
99794258
99794262
99794322
99795261
99795328
99795330
99795431
99795494
99795532
99795983
99796067
99796091
99796125
99796187
99796215
99796253
99796260
99796278
99796313
99796433
99796436
99796461
99796474
99796531
99796766
99796852
99796875
99796897
99796905
99796933
99796948
99796949
99796998
99797170
99797205
99797233
99797278
99797317
99797338
99797421
99797443
99797463
99797474
99797530
99797531
99797548
99797593
99797635
99797636
99797725
99797732
99797884
99797906
99797926
99797988
99797996
99797999
99798036
99798040
99798056
99798125
99798152
99798207
99798285
99798345
99798353
99798503
99798520
99798525
99798526
99798574
99798605
99798608
99798654
99798812
99798923
99798941
99798978
99798981
99798982
99798988
99798992
99798998
99799006
99799011
99799015
99799127
99799130
99799141
99799145
99799157
99799166
99799228
99799260
99799262
99799265
99799269
99799281
99799383
99799413
99799439
99799478
99799586
99799589
99799604
99799620
99799635
99799686
99799793
